fungi_OG	read_count_sum	RPK_sum	fungi_eggnog_cat	fungi_eggnog_desc	LIBID	feature_class
3NTVF|Fungi	331	268.83457948209434	L	Dna repair helicase rad25	MHS440	fungi_OG
3NTVI|Fungi	322	249.06345776613372	I	cytomegalovirus gh-receptor family protein	MHS440	fungi_OG
3NTVK|Fungi	7031	4702.740339346265	I	Cral trio domain protein	MHS440	fungi_OG
3NTVM|Fungi	478	539.0114904466017	A	Second step of mRNA capping. Transfer of the GMP moiety of GTP to the 5'-end of RNA via an enzyme-GMP covalent reaction intermediate	MHS440	fungi_OG
3NTVQ|Fungi	815	1026.4823340829562	S	mRNA processing protein	MHS440	fungi_OG
3NTVR|Fungi	522	550.3933725826433	F	Golgi to endosome transport protein	MHS440	fungi_OG
3NTVW|Fungi	294	728.8583471080568	U	snare protein	MHS440	fungi_OG
3NTVY|Fungi	504	808.6475216027718	G	Fructose-2,6-bisphosphatase	MHS440	fungi_OG
3NTVZ|Fungi	418	397.9168301162702	E	dioxygenase	MHS440	fungi_OG
3NTW3|Fungi	6486	5452.787856487695	T	transporter	MHS440	fungi_OG
3NTW4|Fungi	622	670.6061783698332	H	Thiamine biosynthetic bifunctional	MHS440	fungi_OG
3NTW5|Fungi	2859	1450.2351313070976	B	histone deacetylase	MHS440	fungi_OG
3NTW8|Fungi	983	486.03438654752574	Z	Belongs to the TRAFAC class myosin-kinesin ATPase superfamily. Kinesin family	MHS440	fungi_OG
3NTW9|Fungi	7006	20126.87563082673	J	Belongs to the universal ribosomal protein uL5 family	MHS440	fungi_OG
3NTWB|Fungi	552	860.6458960155218	U	Component of the endosomal sorting complex required for transport II (ESCRT-II), which is required for multivesicular body (MVB) formation and sorting of endosomal cargo proteins into MVBs	MHS440	fungi_OG
3NTWD|Fungi	203	225.49492113626172	T	serine threonine-protein kinase	MHS440	fungi_OG
3NTWE|Fungi	12795	16052.338075002674	C	Belongs to the mitochondrial carrier (TC 2.A.29) family	MHS440	fungi_OG
3NTWF|Fungi	390	600.9680813329018	B	histone deacetylase	MHS440	fungi_OG
3NTWG|Fungi	535	430.12724259549765	K	Functions as component of the transcription regulatory histone acetylation (HAT) complexes SAGA, SALSA and ADA. SAGA is involved in RNA polymerase II-dependent transcriptional regulation	MHS440	fungi_OG
3NTWH|Fungi	1181	1239.6995834594136	J	Belongs to the universal ribosomal protein uS5 family	MHS440	fungi_OG
3NTWM|Fungi	3213	1829.2820483633786	E	The AROM polypeptide catalyzes 5 consecutive enzymatic reactions in prechorismate polyaromatic amino acid biosynthesis	MHS440	fungi_OG
3NTWN|Fungi	492	552.165104267867	T	The B regulatory subunit might modulate substrate selectivity and catalytic activity, and also might direct the localization of the catalytic enzyme to a particular subcellular compartment	MHS440	fungi_OG
3NTWQ|Fungi	292	193.50563286944998	K	to Saccharomyces cerevisiae NGL3 (YML118W) and NGL2 (YMR285C)	MHS440	fungi_OG
3NTWS|Fungi	1071	894.9183777181817	J	Acts as an adapter for the XPO1 CRM1-mediated export of the 60S ribosomal subunit	MHS440	fungi_OG
3NTWU|Fungi	568	735.000187466489	T	serine threonine-protein phosphatase	MHS440	fungi_OG
3NTWV|Fungi	389	719.2384619140066	P	Phosphate transporter	MHS440	fungi_OG
3NTWW|Fungi	332	590.2493753776653	S	Mitochondrial protein	MHS440	fungi_OG
3NTWY|Fungi	505	280.76961105648047	T	STE STE20 PAKA protein kinase	MHS440	fungi_OG
3NTX1|Fungi	1175	921.3624833171365	K	phd transcription factor	MHS440	fungi_OG
3NTX5|Fungi	30	44.44444444444444	E	Prephenate dehydratase	MHS440	fungi_OG
3NTX6|Fungi	1255	996.1857628474625	UY	Nuclear pore complex	MHS440	fungi_OG
3NTX7|Fungi	832	428.55391696558866	UY	Importin 11	MHS440	fungi_OG
3NTXD|Fungi	992	464.20953455160964	L	Dna polymerase gamma	MHS440	fungi_OG
3NTXE|Fungi	74	83.61581920903954	A	Belongs to the class I-like SAM-binding methyltransferase superfamily. mRNA cap 0 methyltransferase family	MHS440	fungi_OG
3NTXF|Fungi	6106	11264.981167978425	J	Belongs to the eukaryotic ribosomal protein eS4 family	MHS440	fungi_OG
3NTXG|Fungi	274	516.8245117388096	K	-phosphatase	MHS440	fungi_OG
3NTXH|Fungi	673	1141.9499228925838	J	Belongs to the class-I aminoacyl-tRNA synthetase family	MHS440	fungi_OG
3NTXI|Fungi	133	237.13004385421786	O	Deoxyhypusine synthase	MHS440	fungi_OG
3NTXM|Fungi	681	692.6794681889706	S	WD-repeat protein pop3	MHS440	fungi_OG
3NTXR|Fungi	148	166.10549943883277	A	factor SLT11	MHS440	fungi_OG
3NTXU|Fungi	683	915.8236907569739	A	Required for 40S ribosome biogenesis. Involved in nucleolar processing of pre-18S ribosomal RNA and ribosome assembly	MHS440	fungi_OG
3NTXV|Fungi	277	304.27939601427005	O	Glycosyltransferase family 33 protein	MHS440	fungi_OG
3NTXX|Fungi	296	228.47765096198117	I	cdp-diacylglycerol-glycerol-3-phosphate 3-phosphatidyltransferase	MHS440	fungi_OG
3NTXY|Fungi	114	193.90959587038017	E	nitrilase	MHS440	fungi_OG
3NTXZ|Fungi	609	910.7691728317767	KL	Transcription factor	MHS440	fungi_OG
3NTY0|Fungi	231	204.0506329113924	S	Essential component of the cytosolic iron-sulfur (Fe S) protein assembly machinery. Required for the maturation of extramitochondrial Fe S proteins	MHS440	fungi_OG
3NTY2|Fungi	5846	5792.8175391485065	C	Fumarate hydratase	MHS440	fungi_OG
3NTY3|Fungi	2135	3429.2318073990987	H	Catalyzes the methyl transfer from S-adenosyl-methionine to the C-24 of zymosterol to form fecosterol	MHS440	fungi_OG
3NTY4|Fungi	1409	1218.369206414986	J	YdiU domain protein	MHS440	fungi_OG
3NTY5|Fungi	32	49.155145929339476	T	cmgc cdk protein kinase	MHS440	fungi_OG
3NTY6|Fungi	296	238.7026817797759	S	Transcription factor	MHS440	fungi_OG
3NTY7|Fungi	1498	1557.344273180183	J	phenylalanyl-tRNA synthetase alpha chain	MHS440	fungi_OG
3NTY8|Fungi	821	1304.2376545449172	O	pre-rRNA-processing protein PNO1	MHS440	fungi_OG
3NTY9|Fungi	209	233.77366905507853	L	DNA-dependent ATPase and 5'-3' DNA helicase required for the maintenance of both mitochondrial and nuclear genome stability. Efficiently unwinds G-quadruplex (G4) DNA structures and forked RNA-DNA hybrids. Resolves G4 structures, preventing replication pausing and double-strand breaks (DSBs) at G4 motifs. Involved in the maintenance of telomeric DNA. Inhibits telomere elongation, de novo telomere formation and telomere addition to DSBs via catalytic inhibition of telomerase. Reduces the processivity of telomerase by displacing active telomerase from DNA ends. Releases telomerase by unwinding the short telomerase RNA telomeric DNA hybrid that is the intermediate in the telomerase reaction. Involved in the maintenance of ribosomal (rDNA). Required for efficient fork arrest at the replicaion fork barrier within rDNA. Involved in the maintenance of mitochondrial (mtDNA). Required to maintain mtDNA under conditions that introduce dsDNA breaks in mtDNA, either preventing or repairing dsDNA breaks. May inhibit replication progression to allow time for repair. May have a general role in chromosomal replication by affecting Okazaki fragment maturation. May have a role in conjunction with DNA2 helicase nuclease in 5'-flap extension during Okazaki fragment processing	MHS440	fungi_OG
3NTYA|Fungi	905	840.7169966353756	T	cmgc dyrk yak protein kinase	MHS440	fungi_OG
3NTYD|Fungi	2324	3220.18773579328	C	Belongs to the mitochondrial carrier (TC 2.A.29) family	MHS440	fungi_OG
3NTYE|Fungi	410	436.9448050670758	S	NA	MHS440	fungi_OG
3NTYH|Fungi	2795	2156.730100808085	BD	Structural maintenance of chromosomes protein	MHS440	fungi_OG
3NTYI|Fungi	121	112.34911792014857	H	Lipoate-protein ligase	MHS440	fungi_OG
3NTYJ|Fungi	485	380.08112794779845	G	Belongs to the PI3 PI4-kinase family	MHS440	fungi_OG
3NTYK|Fungi	10381	8422.023027549236	M	Chitin Synthase	MHS440	fungi_OG
3NTYM|Fungi	1854	2335.424662472875	I	carbamoylphosphate synthase	MHS440	fungi_OG
3NTYN|Fungi	472	638.0562379068235	C	Belongs to the mitochondrial carrier (TC 2.A.29) family	MHS440	fungi_OG
3NTYP|Fungi	569	525.5941833657189	IJT	acetamidase	MHS440	fungi_OG
3NTYR|Fungi	557	401.7605171356691	L	DNA repair helicase	MHS440	fungi_OG
3NTYS|Fungi	3047	2915.4686510117194	C	Belongs to the cytochrome b5 family	MHS440	fungi_OG
3NTYU|Fungi	731	455.9394933831807	U	Signal transduction protein	MHS440	fungi_OG
3NTYW|Fungi	2091	4033.3479127647674	P	transporter	MHS440	fungi_OG
3NTYX|Fungi	432	598.602498766481	E	Xaa-pro dipeptidase	MHS440	fungi_OG
3NTYZ|Fungi	1573	963.5580865473858	O	IQ and HECT domain protein	MHS440	fungi_OG
3NTZ0|Fungi	2317	4775.8505794591965	J	Belongs to the eukaryotic ribosomal protein eS7 family	MHS440	fungi_OG
3NTZ4|Fungi	2349	2071.8872180587637	J	Glycyl-trna synthetase	MHS440	fungi_OG
3NTZ9|Fungi	343	405.90502869738975	A	SNF2 family	MHS440	fungi_OG
3NTZB|Fungi	1162	3326.605829136978	C	Belongs to the mitochondrial carrier (TC 2.A.29) family	MHS440	fungi_OG
3NTZC|Fungi	594	543.047529876488	M	dolichyl-phosphate beta-glucosyltransferase	MHS440	fungi_OG
3NTZE|Fungi	24407	14273.420139293088	Q	Belongs to the ABC transporter superfamily. ABCG family. PDR (TC 3.A.1.205) subfamily	MHS440	fungi_OG
3NTZF|Fungi	187	184.4949864916237	G	Belongs to the ALG6 ALG8 glucosyltransferase family	MHS440	fungi_OG
3NTZH|Fungi	701	1098.7771029789394	O	proteasome subunit alpha	MHS440	fungi_OG
3NTZI|Fungi	2024	1249.9545692673667	S	cell polarity protein	MHS440	fungi_OG
3NTZJ|Fungi	352	875.6058546984885	O	Glutathione S-transferase	MHS440	fungi_OG
3NTZK|Fungi	1141	1651.21511228702	I	Belongs to the enoyl-CoA hydratase isomerase family	MHS440	fungi_OG
3NTZP|Fungi	106	239.88603988603987	J	Tyrosyl-trna synthetase	MHS440	fungi_OG
3NTZQ|Fungi	7387	18360.203901975114	J	60S ribosomal protein L7	MHS440	fungi_OG
3NTZR|Fungi	606	802.5326867024351	U	vacuolar protein sorting-associated protein 74	MHS440	fungi_OG
3NTZT|Fungi	467	879.9233563019613	O	gpi-anchor transamidase	MHS440	fungi_OG
3NTZU|Fungi	1688	2583.5636192904503	A	Branchpoint-bridging protein	MHS440	fungi_OG
3NTZV|Fungi	113	121.11468381564843	G	NADH kinase	MHS440	fungi_OG
3NTZW|Fungi	332	502.25850452438283	O	Beta subunit	MHS440	fungi_OG
3NTZX|Fungi	715	272.0339748802747	L	Deoxycytidyl transferase involved in DNA repair. Transfers a dCMP residue from dCTP to the 3'-end of a DNA primer in a template-dependent reaction. May assist in the first step in the bypass of abasic lesions by the insertion of a nucleotide opposite the lesion. Required for normal induction of mutations by physical and chemical agents	MHS440	fungi_OG
3NU01|Fungi	2487	1515.804946983792	S	nucleoporin pom152	MHS440	fungi_OG
3NU02|Fungi	1397	1036.9237875333738	L	tpr repeat-containing protein	MHS440	fungi_OG
3NU03|Fungi	155	328.9149645081848	H	Component of the coenzyme Q biosynthetic pathway. May play a role in organizing a multi-subunit COQ enzyme complex required for coenzyme Q biosynthesis. Required for steady-state levels of other COQ polypeptides	MHS440	fungi_OG
3NU06|Fungi	1999	2302.8160528754224	A	Multiple RNA-binding domain-containing protein	MHS440	fungi_OG
3NU07|Fungi	11244	15549.515369703418	J	Belongs to the universal ribosomal protein uS3 family	MHS440	fungi_OG
3NU08|Fungi	332	399.70874723176985	A	Belongs to the class I-like SAM-binding methyltransferase superfamily. rRNA adenine N(6)-methyltransferase family	MHS440	fungi_OG
3NU0B|Fungi	1287	1982.4263147980666	U	Reduced viability upon starvation protein	MHS440	fungi_OG
3NU0E|Fungi	670	1574.6175905210246	O	proteasome subunit alpha	MHS440	fungi_OG
3NU0F|Fungi	1116	1793.5642623897306	Q	glutathione synthetase	MHS440	fungi_OG
3NU0G|Fungi	1381	1705.8837869400093	F	Belongs to the lyase 1 family. Adenylosuccinate lyase subfamily	MHS440	fungi_OG
3NU0H|Fungi	319	218.45086777767315	G	Mannosyltransferase	MHS440	fungi_OG
3NU0K|Fungi	913	706.9097925446061	E	5-oxoprolinase	MHS440	fungi_OG
3NU0M|Fungi	1215	1114.8064742483134	E	Gamma-glutamyl phosphate reductase	MHS440	fungi_OG
3NU0P|Fungi	7161	7864.332707577431	O	Belongs to the TRAFAC class dynamin-like GTPase superfamily. Dynamin Fzo YdjA family	MHS440	fungi_OG
3NU0R|Fungi	3897	4391.047618112214	J	RNA-binding component of the eukaryotic translation initiation factor 3 (eIF-3) complex, which is involved in protein synthesis of a specialized repertoire of mRNAs and, together with other initiation factors, stimulates binding of mRNA and methionyl-tRNAi to the 40S ribosome. The eIF-3 complex specifically targets and initiates translation of a subset of mRNAs involved in cell proliferation	MHS440	fungi_OG
3NU0S|Fungi	1370	1774.3717086082252	J	Catalyzes the formation of N(7)-methylguanine at position 46 (m7G46) in tRNA	MHS440	fungi_OG
3NU0T|Fungi	272	326.22789984616765	L	Origin recognition complex subunit	MHS440	fungi_OG
3NU0X|Fungi	767	670.4804965577083	K	Rna polymerase ii transcription elongation factor	MHS440	fungi_OG
3NU0Y|Fungi	2155	3064.1213097439545	E	Belongs to the D-isomer specific 2-hydroxyacid dehydrogenase family	MHS440	fungi_OG
3NU0Z|Fungi	3040	1748.1511829420158	A	factor mot1	MHS440	fungi_OG
3NU11|Fungi	232	365.4473684210526	U	Belongs to the syntaxin family	MHS440	fungi_OG
3NU13|Fungi	737	416.7195934913305	T	nucleotide exchange factor	MHS440	fungi_OG
3NU14|Fungi	1814	2606.520558232172	T	protein phosphatase PP2A regulatory subunit A	MHS440	fungi_OG
3NU15|Fungi	394	734.624284733497	O	DnaJ domain-containing protein	MHS440	fungi_OG
3NU16|Fungi	617	293.0967475545	KL	Dna repair transcription protein	MHS440	fungi_OG
3NU18|Fungi	562	1010.9337417432442	Z	Belongs to the actin family	MHS440	fungi_OG
3NU19|Fungi	795	1027.412038654246	E	Belongs to the GMC oxidoreductase family	MHS440	fungi_OG
3NU1C|Fungi	2785	2874.26448557444	KL	DNA-dependent RNA polymerase catalyzes the transcription of DNA into RNA using the four ribonucleoside triphosphates as substrates	MHS440	fungi_OG
3NU1D|Fungi	213	486.59522669535744	K	Transcription factor tfiiib complex subunit brf1	MHS440	fungi_OG
3NU1E|Fungi	459	270.87936253376745	V	phosphatase	MHS440	fungi_OG
3NU1F|Fungi	26	45.6140350877193	T	Belongs to the DOCK family	MHS440	fungi_OG
3NU1G|Fungi	1479	1052.3349633932173	I	Lysophospholipase	MHS440	fungi_OG
3NU1J|Fungi	127	125.95241685876583	C	galactose-1-phosphate uridylyltransferase	MHS440	fungi_OG
3NU1K|Fungi	6665	6660.082058258574	C	Core subunit of the mitochondrial membrane respiratory chain NADH dehydrogenase (Complex I) that is believed to belong to the minimal assembly required for catalysis. Complex I functions in the transfer of electrons from NADH to the respiratory chain	MHS440	fungi_OG
3NU1M|Fungi	735	445.0808251250088	P	Belongs to the cation transport ATPase (P-type) (TC 3.A.3) family	MHS440	fungi_OG
3NU1P|Fungi	360	262.73807013844964	BT	F-box and JmjC domain protein	MHS440	fungi_OG
3NU1Q|Fungi	3065	3242.41927746408	F	Catalyzes the ATP-dependent amination of UTP to CTP with either L-glutamine or ammonia as the source of nitrogen	MHS440	fungi_OG
3NU1R|Fungi	1091	2200.2772171515157	G	Belongs to the protein kinase superfamily	MHS440	fungi_OG
3NU1T|Fungi	230	378.3453161454547	U	Component of the ERMES MDM complex, which serves as a molecular tether to connect the endoplasmic reticulum and mitochondria. Components of this complex are involved in the control of mitochondrial shape and protein biogenesis and may function in phospholipid exchange. The MDM12-MMM1 subcomplex functions in the major beta-barrel assembly pathway that is responsible for biogenesis of all outer membrane beta-barrel proteins, and acts in a late step after the SAM complex. The MDM10-MDM12-MMM1 subcomplex further acts in the TOM40-specific pathway after the action of the MDM12-MMM1 complex. Essential for establishing and maintaining the structure of mitochondria and maintenance of mtDNA nucleoids	MHS440	fungi_OG
3NU1U|Fungi	1789	2308.5933351960207	J	eukaryotic peptide chain release factor subunit 1	MHS440	fungi_OG
3NU1V|Fungi	3322	2664.040175372246	J	Elongation factor	MHS440	fungi_OG
3NU1W|Fungi	8349	17240.43666279339	J	Belongs to the universal ribosomal protein uS4 family	MHS440	fungi_OG
3NU1X|Fungi	3974	1652.4294151075228	U	exchange factor	MHS440	fungi_OG
3NU1Z|Fungi	419	269.1072575465639	S	Wd repeat protein	MHS440	fungi_OG
3NU21|Fungi	393	568.6777419945255	DO	Cell cycle regulatory protein	MHS440	fungi_OG
3NU25|Fungi	1193	1720.438260855462	U	Belongs to the WD repeat SEC13 family	MHS440	fungi_OG
3NU28|Fungi	234	229.37327280535558	L	Dna repair protein rad50	MHS440	fungi_OG
3NU29|Fungi	1960	3116.3798971741658	T	Belongs to the OSBP family	MHS440	fungi_OG
3NU2A|Fungi	1022	611.412959699848	S	domain-containing protein	MHS440	fungi_OG
3NU2F|Fungi	1114	456.3993640515405	TZ	Cytokinesis protein sepa	MHS440	fungi_OG
3NU2G|Fungi	835	670.9706238892127	K	factor cef-1	MHS440	fungi_OG
3NU2H|Fungi	2147	2460.623813388359	S	Stress Response protein	MHS440	fungi_OG
3NU2J|Fungi	329	364.4387950739787	L	ATP binding protein	MHS440	fungi_OG
3NU2K|Fungi	1663	1726.4878651611627	UY	nucleoporin	MHS440	fungi_OG
3NU2N|Fungi	1484	2126.8539533101257	FP	nucleotidase	MHS440	fungi_OG
3NU2Q|Fungi	7632	4087.8595866118126	A	factor 8	MHS440	fungi_OG
3NU2R|Fungi	9524	14653.90508991513	J	60S ribosomal protein L5	MHS440	fungi_OG
3NU2S|Fungi	486	762.100073813936	I	Belongs to the CDP-alcohol phosphatidyltransferase class-I family	MHS440	fungi_OG
3NU2T|Fungi	4967	2657.8933773499148	Q	resistance protein	MHS440	fungi_OG
3NU2V|Fungi	188	340.5797101449275	Q	Belongs to the short-chain dehydrogenases reductases (SDR) family	MHS440	fungi_OG
3NU2Z|Fungi	783	487.64234781920123	IKT	Belongs to the inositol phosphokinase (IPK) family	MHS440	fungi_OG
3NU32|Fungi	745	705.9455347296189	H	Belongs to the eukaryotic NMN adenylyltransferase family	MHS440	fungi_OG
3NU33|Fungi	848	574.5870213286156	I	Intracellular phospholipase B that catalyzes the double deacylation of phosphatidylcholine (PC) to glycerophosphocholine (GroPCho). Plays an important role in membrane lipid homeostasis	MHS440	fungi_OG
3NU38|Fungi	723	858.5541041901487	E	Aspartokinase	MHS440	fungi_OG
3NU39|Fungi	237	496.3130494847847	L	Component of the post-replicative DNA mismatch repair system (MMR)	MHS440	fungi_OG
3NU3A|Fungi	263	287.98350727950464	S	S-adenosyl-L-methionine-dependent guanine N(1)- methyltransferase that catalyzes the formation of N(1)- methylguanine at position 9 (m1G9) in cytoplasmic tRNA	MHS440	fungi_OG
3NU3B|Fungi	159	232.12490098129558	D	Belongs to the class I-like SAM-binding methyltransferase superfamily. RsmB NOP family	MHS440	fungi_OG
3NU3D|Fungi	334	274.8882016555868	BK	RSC complex	MHS440	fungi_OG
3NU3E|Fungi	1070	1029.4145428521995	A	pre-mRNA-splicing factor SYF1	MHS440	fungi_OG
3NU3F|Fungi	1047	1401.5204660118222	T	serine threonine-protein phosphatase	MHS440	fungi_OG
3NU3G|Fungi	1391	929.7652631142113	A	antiviral protein	MHS440	fungi_OG
3NU3H|Fungi	130	415.4288453679901	O	DUF1000 domain protein	MHS440	fungi_OG
3NU3I|Fungi	625	562.6288858422198	P	Belongs to the Ca(2 ) cation antiporter (CaCA) (TC 2.A.19) family	MHS440	fungi_OG
3NU3J|Fungi	126489	249123.68666132956	J	This protein promotes the GTP-dependent binding of aminoacyl-tRNA to the A-site of ribosomes during protein biosynthesis	MHS440	fungi_OG
3NU3K|Fungi	134	105.33804665759847	T	Gtpase activating protein	MHS440	fungi_OG
3NU3N|Fungi	2286	1719.1376254287059	A	RNA helicase	MHS440	fungi_OG
3NU3Q|Fungi	59	73.67517775209275	L	Endonuclease that specifically degrades the RNA of RNA- DNA hybrids	MHS440	fungi_OG
3NU3R|Fungi	626	614.7267667490082	A	factor ATP-dependent RNA helicase PRP16	MHS440	fungi_OG
3NU3T|Fungi	2112	1467.452960595427	E	Belongs to the peptidase M24B family	MHS440	fungi_OG
3NU3U|Fungi	571	370.34230860461787	A	RRNA processing protein	MHS440	fungi_OG
3NU3V|Fungi	2023	2135.8743073972823	G	synthase	MHS440	fungi_OG
3NU3W|Fungi	335	625.3247004508944	J	tRNA (adenine(58)-N(1))-methyltransferase non-catalytic subunit trm6	MHS440	fungi_OG
3NU3X|Fungi	2060	738.0739472798457	O	ubiquitin--protein ligase	MHS440	fungi_OG
3NU3Z|Fungi	1393	1505.6410137440048	E	Aromatic amino acid aminotransferase	MHS440	fungi_OG
3NU40|Fungi	963	825.036882544249	G	general alpha-glucoside permease	MHS440	fungi_OG
3NU42|Fungi	4894	4544.0173445283135	C	Belongs to the FAD-dependent glycerol-3-phosphate dehydrogenase family	MHS440	fungi_OG
3NU43|Fungi	170	176.9900788138132	O	NEDD8-activating enzyme E1 catalytic subunit	MHS440	fungi_OG
3NU44|Fungi	1014	1349.4510780935016	K	CCR4-NOT transcription complex	MHS440	fungi_OG
3NU45|Fungi	428	365.077821890013	A	CMGC DYRK PRP4 protein kinase	MHS440	fungi_OG
3NU46|Fungi	5451	6785.107054087344	H	adenosylhomocysteinase	MHS440	fungi_OG
3NU47|Fungi	480	638.2310814433372	S	PH domain-containing protein	MHS440	fungi_OG
3NU49|Fungi	1217	1000.2166603206093	E	Trifunctional enzyme bearing the Gln amidotransferase (GATase) domain of anthranilate synthase, indole-glycerolphosphate synthase, and phosphoribosylanthranilate isomerase activities	MHS440	fungi_OG
3NU4A|Fungi	556	415.7106039177902	E	Carboxypeptidase	MHS440	fungi_OG
3NU4B|Fungi	1189	1259.7639764517673	H	Belongs to the folylpolyglutamate synthase family	MHS440	fungi_OG
3NU4E|Fungi	1	3.546099290780142	CI	Stearyl-CoA desaturase that utilizes O(2) and electrons from reduced cytochrome b5 to introduce the first double bond into saturated fatty acyl-CoA substrates	MHS440	fungi_OG
3NU4F|Fungi	799	872.1447094989007	A	splicing factor	MHS440	fungi_OG
3NU4G|Fungi	768	376.3485019840665	U	Snare-dependent exocytosis protein	MHS440	fungi_OG
3NU4H|Fungi	138	192.10830176080103	B	Belongs to the MYST (SAS MOZ) family	MHS440	fungi_OG
3NU4I|Fungi	311	719.3960332383488	L	Required both for recombination and for the repair of DNA damage caused by X-rays	MHS440	fungi_OG
3NU4K|Fungi	841	839.9030363810363	T	camp-dependent protein kinase	MHS440	fungi_OG
3NU4M|Fungi	541	711.5053214909998	S	polysaccharide export protein	MHS440	fungi_OG
3NU4N|Fungi	245	313.7081304411982	L	Introduces a single-strand break via transesterification at a target site in duplex DNA. Releases the supercoiling and torsional tension of DNA introduced during the DNA replication and transcription by transiently cleaving and rejoining one strand of the DNA duplex. The scissile phosphodiester is attacked by the catalytic tyrosine of the enzyme, resulting in the formation of a DNA-(5'-phosphotyrosyl)-enzyme intermediate and the expulsion of a 3'-OH DNA strand	MHS440	fungi_OG
3NU4Q|Fungi	190	237.5441909546091	O	Peroxisome assembly protein	MHS440	fungi_OG
3NU4R|Fungi	2231	1883.1759833247143	U	Belongs to the TRAFAC class dynamin-like GTPase superfamily. Dynamin Fzo YdjA family	MHS440	fungi_OG
3NU4S|Fungi	714	1251.548596602963	F	ser thr protein phosphatase	MHS440	fungi_OG
3NU4T|Fungi	799	760.4017514104811	U	Binds to the signal sequence of presecretory protein when they emerge from the ribosomes and transfers them to TRAM (translocating chain-associating membrane protein)	MHS440	fungi_OG
3NU4V|Fungi	1296	485.9484031947298	S	HEAT repeat protein	MHS440	fungi_OG
3NU4X|Fungi	264	323.178821739991	J	synthase	MHS440	fungi_OG
3NU50|Fungi	1304	3029.5794724662487	I	Belongs to the sterol desaturase family	MHS440	fungi_OG
3NU51|Fungi	2001	2651.4496475389165	P	Belongs to the major facilitator superfamily. Sugar transporter (TC 2.A.1.1) family	MHS440	fungi_OG
3NU52|Fungi	595	640.0819601808488	EGP	transporter	MHS440	fungi_OG
3NU54|Fungi	578	645.3956734340403	K	transcription initiation factor iib	MHS440	fungi_OG
3NU55|Fungi	388	328.40094081491384	BK	histone deacetylase	MHS440	fungi_OG
3NU56|Fungi	2162	2375.508408133142	P	Belongs to the Ca(2 ) cation antiporter (CaCA) (TC 2.A.19) family	MHS440	fungi_OG
3NU57|Fungi	1146	720.3013419170567	BK	RNA polymerase II Elongator	MHS440	fungi_OG
3NU58|Fungi	943	1432.4602445842793	E	Atp phosphoribosyltransferase	MHS440	fungi_OG
3NU59|Fungi	567	521.3401746991631	J	prolyl-tRNA synthetase	MHS440	fungi_OG
3NU5A|Fungi	157	452.9836847856632	I	Enoyl-CoA hydratase isomerase	MHS440	fungi_OG
3NU5B|Fungi	736	732.3590673134645	A	small nucleolar ribonucleoprotein complex subunit	MHS440	fungi_OG
3NU5C|Fungi	773	935.3421546033093	D	Belongs to the protein kinase superfamily	MHS440	fungi_OG
3NU5D|Fungi	363	793.9769950017798	A	Lariat debranching enzyme	MHS440	fungi_OG
3NU5E|Fungi	3497	4708.541265914372	U	Belongs to the importin alpha family	MHS440	fungi_OG
3NU5H|Fungi	371	341.18566873865734	U	Involved in cytoplasm to vacuole transport (Cvt), pexophagy, mitophagy and nucleophagy. Recruits mitochondria for their selective degradation via autophagy (mitophagy) during starvation. Works as scaffold proteins that recruit ATG proteins to the pre-autophagosome (PAS), the site of vesicle autophagosome formation. Required for the Cvt vesicles completion (By similarity)	MHS440	fungi_OG
3NU5I|Fungi	1773	1398.6477273836936	E	alanine aminotransferase	MHS440	fungi_OG
3NU5K|Fungi	911	1085.0086656776941	O	Cleaves proteins, imported into the mitochondrion, to their mature size. While most mitochondrial precursor proteins are processed to the mature form in one step by mitochondrial processing peptidase (MPP), the sequential cleavage by MIP of an octapeptide after initial processing by MPP is a required step for a subgroup of nuclear-encoded precursor proteins destined for the matrix or the inner membrane (By similarity)	MHS440	fungi_OG
3NU5N|Fungi	12	46.05081469207401	N	UV radiation resistance protein	MHS440	fungi_OG
3NU5P|Fungi	1089	475.9024727052992	I	Catalyzes the first step of the methylation pathway of phosphatidylcholine biosynthesis, the SAM-dependent methylation of phosphatidylethanolamine (PE) to phosphatidylmonomethylethanolamine (PMME)	MHS440	fungi_OG
3NU5Q|Fungi	836	846.0352424945253	S	Pal1 cell morphology protein	MHS440	fungi_OG
3NU5R|Fungi	1483	1256.546123676614	H	NA	MHS440	fungi_OG
3NU5S|Fungi	38	101.62202380952381	C	fumarate reductase	MHS440	fungi_OG
3NU5T|Fungi	120	120.84592145015105	C	Belongs to the mitochondrial carrier (TC 2.A.29) family	MHS440	fungi_OG
3NU5U|Fungi	1822	1445.7087126231042	J	Component of the NOP7 complex, which is required for maturation of the 25S and 5.8S ribosomal RNAs and formation of the 60S ribosome	MHS440	fungi_OG
3NU5Y|Fungi	326	333.3583526882496	DO	Anaphase-promoting complex subunit	MHS440	fungi_OG
3NU5Z|Fungi	20611	23666.432773206026	H	Belongs to the citrate synthase family	MHS440	fungi_OG
3NU62|Fungi	1263	1980.6259326804554	S	periodic tryptophan protein	MHS440	fungi_OG
3NU64|Fungi	630	281.14584995141627	L	Dna excision repair protein	MHS440	fungi_OG
3NU65|Fungi	576	766.2705345177742	C	Belongs to the mitochondrial carrier (TC 2.A.29) family	MHS440	fungi_OG
3NU66|Fungi	1308	1115.0497739764744	D	Nuclear pore protein	MHS440	fungi_OG
3NU6A|Fungi	732	923.2526564627017	O	to Saccharomyces cerevisiae LEO1 (YOR123C)	MHS440	fungi_OG
3NU6C|Fungi	1484	2083.830388514162	I	Very-long-chain 3-oxoacyl-CoA synthase	MHS440	fungi_OG
3NU6D|Fungi	774	637.6950125826818	Z	Component of the NOP7 complex, which is required for maturation of the 25S and 5.8S ribosomal RNAs and formation of the 60S ribosome	MHS440	fungi_OG
3NU6F|Fungi	309	520.6889382501436	J	required for the formation of a threonylcarbamoyl group on adenosine at position 37 (t(6)A37) in tRNAs that read codons beginning with adenine	MHS440	fungi_OG
3NU6G|Fungi	936	1169.3982557562033	CO	Links covalently the heme group to the apoprotein of cytochrome c	MHS440	fungi_OG
3NU6H|Fungi	505	561.5204063152479	S	to Saccharomyces cerevisiae VPS72 (YDR485C)	MHS440	fungi_OG
3NU6M|Fungi	786	1558.857835353359	O	26s proteasome non-atpase regulatory subunit 11	MHS440	fungi_OG
3NU6N|Fungi	1095	1787.370591317792	T	serine threonine-protein phosphatase	MHS440	fungi_OG
3NU6Q|Fungi	867	1213.4380645743493	DT	serine threonine-protein phosphatase	MHS440	fungi_OG
3NU6R|Fungi	410	461.72818711360577	F	EH domain binding protein epsin 2	MHS440	fungi_OG
3NU6S|Fungi	690	905.0296643317114	A	P-loop containing nucleoside triphosphate hydrolase protein	MHS440	fungi_OG
3NU6T|Fungi	3480	6743.986493625316	C	The pyruvate dehydrogenase complex catalyzes the overall conversion of pyruvate to acetyl-CoA and CO(2)	MHS440	fungi_OG
3NU6U|Fungi	799	1196.2954455847355	V	lipase esterase	MHS440	fungi_OG
3NU6V|Fungi	6649	6599.486641712154	OPU	Vacuolar transporter chaperone	MHS440	fungi_OG
3NU6X|Fungi	349	456.16405940945026	C	Probably involved in the biogenesis of the COX complex	MHS440	fungi_OG
3NU6Y|Fungi	498	454.55558098801214	U	exocyst complex component Sec5	MHS440	fungi_OG
3NU6Z|Fungi	5243	4153.8849749262345	O	26S proteasome, regulatory subunit	MHS440	fungi_OG
3NU70|Fungi	753	701.8621031081879	U	Belongs to the class V-like SAM-binding methyltransferase superfamily. Histone-lysine methyltransferase family. SET2 subfamily	MHS440	fungi_OG
3NU71|Fungi	1901	2184.1139838543504	U	Belongs to the TRAFAC class dynamin-like GTPase superfamily. Dynamin Fzo YdjA family	MHS440	fungi_OG
3NU72|Fungi	2761	1302.4655298698292	Z	May act as a negative regulator of salt tolerance	MHS440	fungi_OG
3NU73|Fungi	6796	10548.69893438738	E	oxidoreductase	MHS440	fungi_OG
3NU74|Fungi	326	1002.5887362329751	S	N-terminal acetyltransferase a complex catalytic subunit ard1	MHS440	fungi_OG
3NU75|Fungi	7838	15490.921101880489	O	Belongs to the 14-3-3 family	MHS440	fungi_OG
3NU76|Fungi	494	956.7869704820669	U	Autophagy-related protein 27	MHS440	fungi_OG
3NU7A|Fungi	1185	1175.170294530266	Z	Functions as component of the Arp2 3 complex which is involved in regulation of actin polymerization and together with an activating nucleation-promoting factor (NPF) mediates the formation of branched actin networks	MHS440	fungi_OG
3NU7C|Fungi	1183	1112.4069747731085	O	RNA cytidine acetyltransferase with specificity toward both 18S rRNA and tRNAs. Catalyzes the formation of N(4)- acetylcytidine (ac4C) in 18S rRNA. Required for early nucleolar cleavages of precursor rRNA at sites A0, A1 and A2 during 18S rRNA synthesis. Catalyzes the formation of ac4C in serine and leucine tRNAs. Requires the tRNA-binding adapter protein TAN1 for full tRNA acetyltransferase activity but not for 18S rRNA acetylation	MHS440	fungi_OG
3NU7D|Fungi	979	555.8939635844464	H	porphobilinogen deaminase	MHS440	fungi_OG
3NU7E|Fungi	1008	663.4535827433964	O	Belongs to the peptidase C19 family	MHS440	fungi_OG
3NU7F|Fungi	183	701.9971779007923	G	Glycogen debranching enzyme	MHS440	fungi_OG
3NU7G|Fungi	1454	2001.2994041361505	A	rna export protein	MHS440	fungi_OG
3NU7J|Fungi	1085	621.3764027742102	T	GPI ethanolamine phosphate transferase	MHS440	fungi_OG
3NU7K|Fungi	110	191.41683114090262	S	Nuclear protein Qri2	MHS440	fungi_OG
3NU7M|Fungi	814	379.6431009592535	K	Fungal specific transcription factor domain	MHS440	fungi_OG
3NU7N|Fungi	210	131.82674199623352	U	dor1-like family	MHS440	fungi_OG
3NU7P|Fungi	244	296.21087108710867	J	xap5 domain protein	MHS440	fungi_OG
3NU7Q|Fungi	2389	2225.547928418103	U	The coatomer is a cytosolic protein complex that binds to dilysine motifs and reversibly associates with Golgi non- clathrin-coated vesicles, which further mediate biosynthetic protein transport from the ER, via the Golgi up to the trans Golgi network. Coatomer complex is required for budding from Golgi membranes, and is essential for the retrograde Golgi-to-ER transport of dilysine-tagged proteins	MHS440	fungi_OG
3NU7R|Fungi	182	197.81207177113083	J	Belongs to the tRNA nucleotidyltransferase poly(A) polymerase family	MHS440	fungi_OG
3NU7S|Fungi	326	258.1606828643077	P	chloride channel	MHS440	fungi_OG
3NU7T|Fungi	2495	3773.9363390781928	I	acetoacetate-CoA ligase	MHS440	fungi_OG
3NU7U|Fungi	1232	1036.9342095137454	G	transporter	MHS440	fungi_OG
3NU7V|Fungi	1195	756.7901473273506	MN	Belongs to the TRAFAC class myosin-kinesin ATPase superfamily. Myosin family	MHS440	fungi_OG
3NU7W|Fungi	759	1051.5984805869768	S	Ribosomal protein L1	MHS440	fungi_OG
3NU7X|Fungi	505	583.2353879968562	F	dihydroorotase	MHS440	fungi_OG
3NU7Y|Fungi	1038	735.4720559198307	P	Belongs to the major facilitator superfamily. Sugar transporter (TC 2.A.1.1) family	MHS440	fungi_OG
3NU81|Fungi	1307	1388.3241750416962	UY	Nuclear protein localization protein 4	MHS440	fungi_OG
3NU82|Fungi	1623	1767.5134417784782	F	Pre-rRNA processing protein Esf1	MHS440	fungi_OG
3NU84|Fungi	1093	1445.5147597097853	I	Belongs to the sterol desaturase family	MHS440	fungi_OG
3NU85|Fungi	895	611.8381428427235	J	synthase	MHS440	fungi_OG
3NU86|Fungi	744	1599.4087319294254	Z	Belongs to the actin family	MHS440	fungi_OG
3NU87|Fungi	2686	1767.9420781754584	U	C2 domain-containing protein	MHS440	fungi_OG
3NU88|Fungi	3965	2079.7028836381883	J	translational activator	MHS440	fungi_OG
3NU89|Fungi	249	297.4489311615669	C	protein kinase activator	MHS440	fungi_OG
3NU8A|Fungi	1785	2017.6900588463216	U	ap-1 complex subunit gamma-1	MHS440	fungi_OG
3NU8C|Fungi	5151	7932.036704322157	A	ATP-dependent, RNA helicase	MHS440	fungi_OG
3NU8D|Fungi	903	1218.8795729541948	A	formin binding protein	MHS440	fungi_OG
3NU8E|Fungi	665	2054.495401509986	Q	Isopentenyl-diphosphate delta-isomerase	MHS440	fungi_OG
3NU8H|Fungi	960	1367.6779974006	Q	Dehydrogenase	MHS440	fungi_OG
3NU8I|Fungi	555	363.2865703245791	O	farnesyltransferase, beta subunit	MHS440	fungi_OG
3NU8K|Fungi	17807	31810.677048420093	J	60s ribosomal protein	MHS440	fungi_OG
3NU8N|Fungi	1881	1206.5113549347254	F	belongs to the metallo- dependent hydrolases superfamily. Urease alpha subunit family	MHS440	fungi_OG
3NU8Q|Fungi	2773	2887.791990214834	E	Aspartate aminotransferase	MHS440	fungi_OG
3NU8R|Fungi	8877	11344.752470542966	O	Belongs to the peptidase M16 family	MHS440	fungi_OG
3NU8S|Fungi	847	250.75390419007184	P	Belongs to the cation transport ATPase (P-type) (TC 3.A.3) family. Type IV subfamily	MHS440	fungi_OG
3NU8T|Fungi	1654	1800.9030376576172	C	oxidoreductase	MHS440	fungi_OG
3NU8W|Fungi	2417	3426.0148516628883	O	Belongs to the Rab GDI family	MHS440	fungi_OG
3NU8Z|Fungi	758	601.0670990843064	A	DNA repair and recombination protein	MHS440	fungi_OG
3NU90|Fungi	626	669.8574795174445	U	Class E vacuolar protein-sorting machinery protein HSE1	MHS440	fungi_OG
3NU92|Fungi	973	545.351002319445	F	Belongs to the metallo-dependent hydrolases superfamily. Adenosine and AMP deaminases family	MHS440	fungi_OG
3NU93|Fungi	1309	1070.9696685749464	S	Pre-mRNA-splicing factor cwc-22	MHS440	fungi_OG
3NU94|Fungi	1434	2078.8627808125852	T	(GTP)-binding protein	MHS440	fungi_OG
3NU95|Fungi	2512	2018.4667389421347	U	Component of the coat protein complex II (COPII) which promotes the formation of transport vesicles from the endoplasmic reticulum (ER). The coat has two main functions, the physical deformation of the endoplasmic reticulum membrane into vesicles and the selection of cargo molecules (By similarity)	MHS440	fungi_OG
3NU99|Fungi	2413	3074.8651011649804	E	aspartate-semialdehyde dehydrogenase	MHS440	fungi_OG
3NU9A|Fungi	2142	2356.3260675894967	P	Na H antiporter	MHS440	fungi_OG
3NU9B|Fungi	790	644.4124702083823	DO	Anaphase-promoting complex subunit	MHS440	fungi_OG
3NU9D|Fungi	2576	2133.5205939886814	U	guanine nucleotide exchange factor	MHS440	fungi_OG
3NU9E|Fungi	7241	16644.00636069091	J	Belongs to the universal ribosomal protein uL11 family	MHS440	fungi_OG
3NU9F|Fungi	1442	3246.5268267243596	S	)-reductase	MHS440	fungi_OG
3NU9G|Fungi	1583	1795.7110201416697	C	Belongs to the isocitrate lyase PEP mutase superfamily. Isocitrate lyase family	MHS440	fungi_OG
3NU9I|Fungi	3180	1865.636930551202	L	Serine threonine-protein kinase TOR	MHS440	fungi_OG
3NU9J|Fungi	1691	2738.3821955602016	E	Belongs to the arginase family	MHS440	fungi_OG
3NU9N|Fungi	1757	2385.9866640430696	DUZ	Belongs to the TRAFAC class TrmE-Era-EngA-EngB-Septin- like GTPase superfamily. Septin GTPase family	MHS440	fungi_OG
3NU9P|Fungi	749	1748.7490375140137	H	Belongs to the ALAD family	MHS440	fungi_OG
3NU9Q|Fungi	278	363.628536142244	U	Duf803 domain membrane protein	MHS440	fungi_OG
3NU9R|Fungi	625	264.5896709052989	U	golgi complex component	MHS440	fungi_OG
3NU9V|Fungi	2573	2955.3134980203304	U	vacuolar protein 8	MHS440	fungi_OG
3NU9W|Fungi	426	571.9165079136832	T	serine threonine-protein kinase	MHS440	fungi_OG
3NU9X|Fungi	1199	1542.261814740398	J	Ribosome biogenesis protein	MHS440	fungi_OG
3NU9Y|Fungi	2649	4244.375322785836	EF	ribose-phosphate pyrophosphokinase	MHS440	fungi_OG
3NU9Z|Fungi	1630	2251.677546721956	T	cAMP-dependent protein kinase regulatory subunit	MHS440	fungi_OG
3NUA1|Fungi	5449	6981.706099039917	G	Belongs to the FBPase class 1 family	MHS440	fungi_OG
3NUA3|Fungi	208	255.0238561213656	K	tRNA (Uracil-O(2)-)-methyltransferase	MHS440	fungi_OG
3NUA4|Fungi	1755	2596.170472499463	U	Sec23 Sec24 family protein	MHS440	fungi_OG
3NUA6|Fungi	920	845.5465660073806	T	oligopeptide transporter	MHS440	fungi_OG
3NUA7|Fungi	2252	4046.9882265396636	E	Cysteine desulfurase	MHS440	fungi_OG
3NUA8|Fungi	580	832.5779194093269	C	Belongs to the mitochondrial carrier (TC 2.A.29) family	MHS440	fungi_OG
3NUAA|Fungi	5645	3668.083661483768	Q	iron-sulfur clusters transporter atm1	MHS440	fungi_OG
3NUAB|Fungi	334	562.1017458564274	C	Belongs to the mitochondrial carrier (TC 2.A.29) family	MHS440	fungi_OG
3NUAC|Fungi	2316	1528.5521816694172	O	Belongs to the peptidase M16 family	MHS440	fungi_OG
3NUAE|Fungi	621	307.00018027079983	C	Sad1 UNC	MHS440	fungi_OG
3NUAH|Fungi	661	192.3239515874761	I	peripheral membrane protein	MHS440	fungi_OG
3NUAJ|Fungi	963	1242.3318195653003	O	deubiquitination-protection protein dph1	MHS440	fungi_OG
3NUAK|Fungi	1057	849.4652905043956	T	Calcium calmodulin-dependent protein kinase	MHS440	fungi_OG
3NUAM|Fungi	319	344.21869237768607	O	Peptidyl-prolyl cis-trans	MHS440	fungi_OG
3NUAN|Fungi	991	1133.560106498251	J	ribosomal protein	MHS440	fungi_OG
3NUAR|Fungi	5924	5566.875712035332	I	acyl-CoA synthetase	MHS440	fungi_OG
3NUAT|Fungi	2876	4291.74349970826	P	Catalyzes the first intracellular reaction of sulfate assimilation, forming adenosine-5'-phosphosulfate (APS) from inorganic sulfate and ATP. Plays an important role in sulfate activation as a component of the biosynthesis pathway of sulfur- containing amino acids	MHS440	fungi_OG
3NUAV|Fungi	673	624.1232060547202	H	Catalytic histone acetyltransferase subunit of the RNA polymerase II elongator complex, which is a component of the RNA polymerase II (Pol II) holoenzyme and is involved in transcriptional elongation	MHS440	fungi_OG
3NUAX|Fungi	1731	2981.0340615982905	C	Belongs to the mitochondrial carrier (TC 2.A.29) family	MHS440	fungi_OG
3NUAZ|Fungi	835	1162.2680429690504	G	6-phosphofructo-2-kinase	MHS440	fungi_OG
3NUB0|Fungi	201	572.7927843104451	U	Belongs to the adaptor complexes small subunit family	MHS440	fungi_OG
3NUB1|Fungi	798	799.3909559986267	U	exocyst complex component	MHS440	fungi_OG
3NUB4|Fungi	13208	21446.29167165019	J	60S ribosomal protein	MHS440	fungi_OG
3NUB6|Fungi	847	465.00836453005104	J	nucleolar complex protein	MHS440	fungi_OG
3NUB7|Fungi	295	221.47817460317458	E	Catalyzes the cleavage of L-kynurenine (L-Kyn) and L-3- hydroxykynurenine (L-3OHKyn) into anthranilic acid (AA) and 3- hydroxyanthranilic acid (3-OHAA), respectively	MHS440	fungi_OG
3NUB8|Fungi	244	173.6029265455436	B	Required for replication-independent chromatin assembly and for the periodic repression of histone gene transcription during the cell cycle	MHS440	fungi_OG
3NUB9|Fungi	2473	1690.2876113068862	G	Belongs to the glycosyl hydrolase 31 family	MHS440	fungi_OG
3NUBB|Fungi	1091	1076.1570374983687	T	AGC AKT protein kinase	MHS440	fungi_OG
3NUBD|Fungi	861	1060.9316571802344	E	Catalyzes the oxidation of 3-carboxy-2-hydroxy-4- methylpentanoate (3-isopropylmalate) to 3-carboxy-4-methyl-2- oxopentanoate. The product decarboxylates to 4-methyl-2 oxopentanoate	MHS440	fungi_OG
3NUBE|Fungi	3567	3365.9494935382772	G	Belongs to the pyruvate kinase family	MHS440	fungi_OG
3NUBF|Fungi	1	4.761904761904762	C	d-lactate dehydrogenase	MHS440	fungi_OG
3NUBG|Fungi	320	254.00360981212572	T	serine threonine protein kinase	MHS440	fungi_OG
3NUBJ|Fungi	276	208.61678004535148	EG	transporter	MHS440	fungi_OG
3NUBK|Fungi	1780	3267.907487266637	O	Proteasome	MHS440	fungi_OG
3NUBN|Fungi	2489	1941.7436129739262	J	Belongs to the RNR ribonuclease family	MHS440	fungi_OG
3NUBP|Fungi	1220	892.1843617445055	E	belongs to the HisA HisF family	MHS440	fungi_OG
3NUBR|Fungi	2483	2226.848891065743	E	Dihydroxy-acid dehydratase	MHS440	fungi_OG
3NUBT|Fungi	471	387.6301643188305	T	Belongs to the membrane-bound acyltransferase family	MHS440	fungi_OG
3NUBV|Fungi	2992	4944.464044696887	J	Elongation factor	MHS440	fungi_OG
3NUBZ|Fungi	3023	882.0235836476078	V	HEAT repeat protein	MHS440	fungi_OG
3NUC0|Fungi	922	1177.3903980945613	E	glutamate 5-kinase	MHS440	fungi_OG
3NUC2|Fungi	459	903.1308062137261	U	golgi membrane protein	MHS440	fungi_OG
3NUC4|Fungi	363	276.6730286390915	S	(ABC) transporter	MHS440	fungi_OG
3NUC6|Fungi	1157	1284.2268926805953	E	Catalyzes the reversible hydration of cis-homoaconitate to (2R,3S)-homoisocitrate, a step in the alpha-aminoadipate pathway for lysine biosynthesis	MHS440	fungi_OG
3NUC7|Fungi	92	60.84656084656085	L	repair protein PSO2 SNM1	MHS440	fungi_OG
3NUCA|Fungi	286	124.13194444444446	OT	Belongs to the peptidase C2 family	MHS440	fungi_OG
3NUCB|Fungi	878	465.7656018042709	O	Telomere length regulation protein	MHS440	fungi_OG
3NUCC|Fungi	1715	1007.0651659751878	T	GPI ethanolamine phosphate transferase	MHS440	fungi_OG
3NUCD|Fungi	1981	2427.8033635274096	IT	)-reductase	MHS440	fungi_OG
3NUCF|Fungi	2790	2041.1333091070574	B	Rsc complex subunit	MHS440	fungi_OG
3NUCG|Fungi	965	2239.2029035527394	K	TATA-box-binding protein	MHS440	fungi_OG
3NUCI|Fungi	15986	20397.36336600825	G	Glyceraldehyde-3-phosphate dehydrogenase	MHS440	fungi_OG
3NUCJ|Fungi	636	235.89996018818294	DO	20s cyclosome subunit (apc1	MHS440	fungi_OG
3NUCK|Fungi	619	289.1314399244261	Z	Belongs to the TRAFAC class myosin-kinesin ATPase superfamily. Kinesin family	MHS440	fungi_OG
3NUCM|Fungi	882	958.9565403337915	C	Component of the cytosolic iron-sulfur (Fe-S) protein assembly (CIA) machinery. Required for the maturation of extramitochondrial Fe-S proteins. Part of an electron transfer chain functioning in an early step of cytosolic Fe-S biogenesis. Transfers electrons from NADPH to the Fe-S cluster of dre2. Positively controls H(2)O(2)-induced cell death	MHS440	fungi_OG
3NUCQ|Fungi	10215	8679.2821111795	I	Belongs to the acyl-CoA oxidase family	MHS440	fungi_OG
3NUCS|Fungi	1271	1533.5858486780662	E	Aspartate aminotransferase	MHS440	fungi_OG
3NUCT|Fungi	338	689.2940009487394	Z	actin binding protein	MHS440	fungi_OG
3NUCU|Fungi	1481	750.8950772212567	A	helicase	MHS440	fungi_OG
3NUCW|Fungi	1195	1024.4850641752607	O	Belongs to the peptidase S8 family	MHS440	fungi_OG
3NUCX|Fungi	984	757.73978559509	I	dolichol kinase	MHS440	fungi_OG
3NUD0|Fungi	1721	1696.7731285656375	C	Transporter	MHS440	fungi_OG
3NUD1|Fungi	7181	12225.5563975556	J	Belongs to the eukaryotic ribosomal protein eS6 family	MHS440	fungi_OG
3NUD2|Fungi	507	1736.9153324001131	S	Ammecr1 family	MHS440	fungi_OG
3NUD3|Fungi	411	641.175166374989	U	mrna transport regulator	MHS440	fungi_OG
3NUD4|Fungi	1324	1914.9784764420083	I	This enzyme condenses acetyl-CoA with acetoacetyl-CoA to form HMG-CoA, which is the substrate for HMG-CoA reductase	MHS440	fungi_OG
3NUD5|Fungi	4247	6506.283177468533	H	Catalyzes the formation of S-adenosylmethionine from methionine and ATP	MHS440	fungi_OG
3NUD7|Fungi	351	348.0464543372628	U	Vacuolar protein	MHS440	fungi_OG
3NUD8|Fungi	906	926.0453324689436	I	Belongs to the CDP-alcohol phosphatidyltransferase class-I family	MHS440	fungi_OG
3NUDA|Fungi	232	183.15233866509746	A	ATP-dependent RNA helicase involved in 40S ribosomal subunit biogenesis. Required for the processing and cleavage of 35S pre-rRNA at sites A0, A1, and A2, leading to mature 18S rRNA	MHS440	fungi_OG
3NUDC|Fungi	32	167.4491392801252	O	Belongs to the ubiquitin-conjugating enzyme family	MHS440	fungi_OG
3NUDD|Fungi	1925	1891.6435363999058	EGP	Involved in the biogenesis of the 60S ribosomal subunit	MHS440	fungi_OG
3NUDE|Fungi	235	522.2222222222222	O	Belongs to the peptidase A1 family	MHS440	fungi_OG
3NUDF|Fungi	1820	1421.955793909689	P	This magnesium-dependent enzyme catalyzes the hydrolysis of ATP coupled with the transport of calcium	MHS440	fungi_OG
3NUDG|Fungi	529	495.8359687961206	P	transporter	MHS440	fungi_OG
3NUDH|Fungi	247	190.2060881073927	J	Required for the first step in the synthesis of diphthamide, a post-translational modification of histidine which occurs in translation elongation factor 2	MHS440	fungi_OG
3NUDI|Fungi	4327	1374.3562846909008	MOT	chitin synthase	MHS440	fungi_OG
3NUDJ|Fungi	225	239.76094699442854	K	JmjC domain-containing histone demethylation protein	MHS440	fungi_OG
3NUDN|Fungi	610	353.1135082161244	B	DDT domain-containing protein	MHS440	fungi_OG
3NUDP|Fungi	2021	2645.4930176479925	G	adenosine kinase	MHS440	fungi_OG
3NUDQ|Fungi	7579	9822.987411097012	S	ATP-binding cassette sub-family F member 2	MHS440	fungi_OG
3NUDS|Fungi	2432	1794.015227376071	S	Component of the SCF(sconB) E3 ubiquitin ligase complex involved in the regulation of sulfur metabolite repression, probably by mediating the inactivation or degradation of the metR transcription factor	MHS440	fungi_OG
3NUDT|Fungi	1055	1081.2696031538546	K	complex ATPase	MHS440	fungi_OG
3NUDU|Fungi	340	296.3408983456004	A	atp-dependent rna helicase dbp9	MHS440	fungi_OG
3NUE1|Fungi	4854	7965.059074056263	H	Transaldolase is important for the balance of metabolites in the pentose-phosphate pathway	MHS440	fungi_OG
3NUE6|Fungi	971	839.30136613074	A	P-loop containing nucleoside triphosphate hydrolase protein	MHS440	fungi_OG
3NUE7|Fungi	666	1351.7307141027943	P	4-nitrophenylphosphatase	MHS440	fungi_OG
3NUE8|Fungi	924	586.5417258335641	G	nad kinase	MHS440	fungi_OG
3NUE9|Fungi	146	213.47449767847777	T	Duf300 domain protein	MHS440	fungi_OG
3NUEB|Fungi	4733	6533.740142243735	P	Thiamine biosynthesis protein	MHS440	fungi_OG
3NUEC|Fungi	6089	6622.137270378412	I	Belongs to the thiolase family	MHS440	fungi_OG
3NUEF|Fungi	360	350.0233650887226	S	Transcription factor SPT8	MHS440	fungi_OG
3NUEK|Fungi	101	175.22998020321836	L	replication factor c	MHS440	fungi_OG
3NUEM|Fungi	201	214.36574075760296	T	Belongs to the protein kinase superfamily	MHS440	fungi_OG
3NUEP|Fungi	287	462.7161739494789	Y	to Saccharomyces cerevisiae SRP40 (YKR092C)	MHS440	fungi_OG
3NUET|Fungi	6092	13270.784133520936	J	ribosomal protein	MHS440	fungi_OG
3NUEW|Fungi	819	928.3230540111529	T	serine threonine-protein phosphatase	MHS440	fungi_OG
3NUEY|Fungi	1873	2166.774475539249	O	chaperone	MHS440	fungi_OG
3NUEZ|Fungi	260	507.10974546846285	S	RAS-like protein	MHS440	fungi_OG
3NUF2|Fungi	347	404.69798794905967	J	diphthamide biosynthesis protein	MHS440	fungi_OG
3NUF3|Fungi	710	875.901627716886	BDL	structural maintenance of	MHS440	fungi_OG
3NUF5|Fungi	17776	28847.032093774204	J	Belongs to the universal ribosomal protein uL3 family	MHS440	fungi_OG
3NUF6|Fungi	3256	4642.164449733034	L	mrs7 family	MHS440	fungi_OG
3NUF8|Fungi	446	618.5446877673155	S	Aureobasidin resistance protein Aur1	MHS440	fungi_OG
3NUF9|Fungi	398	378.9609280417424	S	zn cluster transcription factor rds2	MHS440	fungi_OG
3NUFA|Fungi	103369	100091.43313677673	P	plasma membrane ATPase	MHS440	fungi_OG
3NUFD|Fungi	31317	32940.04110067448	CH	Belongs to the GMC oxidoreductase family	MHS440	fungi_OG
3NUFF|Fungi	398	896.1559294372958	G	Catalyzes the dehydration of the S-form of NAD(P)HX at the expense of ATP, which is converted to ADP. Together with NAD(P)HX epimerase, which catalyzes the epimerization of the S- and R-forms, the enzyme allows the repair of both epimers of NAD(P)HX, a damaged form of NAD(P)H that is a result of enzymatic or heat-dependent hydration	MHS440	fungi_OG
3NUFG|Fungi	140	129.66943321274027	L	BRCT domain-containing protein	MHS440	fungi_OG
3NUFH|Fungi	2380	2237.487670400956	J	Translation initiation factor eif-2B	MHS440	fungi_OG
3NUFI|Fungi	1140	1293.3548309859505	A	Belongs to the DEAD box helicase family	MHS440	fungi_OG
3NUFJ|Fungi	681	348.5065720872834	S	zinc finger	MHS440	fungi_OG
3NUFN|Fungi	334	224.39341181672472	L	Chromosome transmission fidelity protein	MHS440	fungi_OG
3NUFQ|Fungi	253	297.26777753451313	T	CMGC CLK protein kinase	MHS440	fungi_OG
3NUFR|Fungi	321	580.8256359883477	D	Checkpoint protein	MHS440	fungi_OG
3NUFS|Fungi	1210	1641.7638478240901	C	Belongs to the mitochondrial carrier (TC 2.A.29) family	MHS440	fungi_OG
3NUFX|Fungi	1037	1536.4465243622283	T	s-adenosylmethionine decarboxylase	MHS440	fungi_OG
3NUFY|Fungi	413	174.04129793510322	O	ubiquitin--protein ligase	MHS440	fungi_OG
3NUG0|Fungi	152	238.03644953126357	D	Belongs to the cyclin family	MHS440	fungi_OG
3NUG1|Fungi	2702	3680.2437959146473	I	Belongs to the carnitine choline acetyltransferase family	MHS440	fungi_OG
3NUG4|Fungi	736	469.98722860791827	S	NA	MHS440	fungi_OG
3NUG5|Fungi	548	644.8118199891263	J	Belongs to the class I-like SAM-binding methyltransferase superfamily. Trm1 family	MHS440	fungi_OG
3NUG6|Fungi	548	374.5942900828186	I	to Saccharomyces cerevisiae YEH1 (YLL012W) and YEH2 (YLR020C)	MHS440	fungi_OG
3NUG7|Fungi	10	48.309178743961354	G	Cell wall	MHS440	fungi_OG
3NUG8|Fungi	4133	2746.041044721758	I	Belongs to the OSBP family	MHS440	fungi_OG
3NUGC|Fungi	922	627.1826102334576	U	Catalyzes the synthesis of dihydrouridine, a modified base found in the D-loop of most tRNAs. Specifically modifies U47 in cytoplasmic tRNAs	MHS440	fungi_OG
3NUGD|Fungi	258	325.1957283224432	S	actin binding protein	MHS440	fungi_OG
3NUGG|Fungi	450	450.5788266263337	T	Ubx domain-containing protein	MHS440	fungi_OG
3NUGH|Fungi	2760	2315.337161466738	O	dolichyl-phosphate-mannose-protein mannosyltransferase	MHS440	fungi_OG
3NUGI|Fungi	2218	1591.7023412818758	Q	Methyltransferase	MHS440	fungi_OG
3NUGJ|Fungi	802	579.1333688416424	S	peroxisomal targeting signal receptor	MHS440	fungi_OG
3NUGK|Fungi	622	1454.696827279848	C	Belongs to the mitochondrial carrier (TC 2.A.29) family	MHS440	fungi_OG
3NUGN|Fungi	738	821.4030736563292	C	d-lactate dehydrogenase	MHS440	fungi_OG
3NUGP|Fungi	1702	3090.4508630442397	I	Involved in the synthesis of the GDP-mannose and dolichol-phosphate-mannose required for a number of critical mannosyl transfer reactions	MHS440	fungi_OG
3NUGR|Fungi	757	438.8765478830408	O	Vacuolar protein-sorting protein bro1	MHS440	fungi_OG
3NUGS|Fungi	705	842.9305112616104	H	belongs to the NAD synthetase family	MHS440	fungi_OG
3NUGV|Fungi	535	1208.8312225012546	J	ribosome biogenesis protein brx1	MHS440	fungi_OG
3NUGY|Fungi	562	535.7677045642129	O	ubiquitin conjugation factor e4	MHS440	fungi_OG
3NUGZ|Fungi	222	388.3101087682465	S	Guanine nucleotide-binding protein subunit beta	MHS440	fungi_OG
3NUH0|Fungi	1228	1334.166718678541	JK	Ribosome biogenesis protein	MHS440	fungi_OG
3NUH1|Fungi	229	206.45119586296056	Z	Belongs to the TRAFAC class myosin-kinesin ATPase superfamily. Kinesin family	MHS440	fungi_OG
3NUH2|Fungi	824	1029.6856302455556	A	poly-A polymerase	MHS440	fungi_OG
3NUH3|Fungi	2595	2478.1171080523077	J	Belongs to the class-I aminoacyl-tRNA synthetase family	MHS440	fungi_OG
3NUH6|Fungi	41	113.98980874859375	L	DNA glycosylase	MHS440	fungi_OG
3NUH7|Fungi	20602	28903.121037123594	O	Belongs to the heat shock protein 70 family	MHS440	fungi_OG
3NUH8|Fungi	2902	3288.636151648984	S	transporter	MHS440	fungi_OG
3NUH9|Fungi	1115	700.1721135952246	A	splicing factor	MHS440	fungi_OG
3NUHA|Fungi	1107	1274.588606978015	E	The glycine cleavage system catalyzes the degradation of glycine	MHS440	fungi_OG
3NUHB|Fungi	1104	2556.712812565238	DTZ	Belongs to the TRAFAC class TrmE-Era-EngA-EngB-Septin- like GTPase superfamily. Septin GTPase family	MHS440	fungi_OG
3NUHC|Fungi	8120	17782.21681508646	J	Belongs to the universal ribosomal protein uL1 family	MHS440	fungi_OG
3NUHE|Fungi	94	120.09597108934858	A	U2 small nuclear ribonucleoprotein A	MHS440	fungi_OG
3NUHF|Fungi	350	270.6194787732767	A	Specifically methylates the N1 position of guanosine-37 in various cytoplasmic and mitochondrial tRNAs. Methylation is not dependent on the nature of the nucleoside 5' of the target nucleoside. This is the first step in the biosynthesis of wybutosine (yW), a modified base adjacent to the anticodon of tRNAs and required for accurate decoding	MHS440	fungi_OG
3NUHG|Fungi	422	1133.7680979154359	F	adenine phosphoribosyltransferase	MHS440	fungi_OG
3NUHH|Fungi	1080	1075.096225652763	C	Belongs to the mitochondrial carrier (TC 2.A.29) family	MHS440	fungi_OG
3NUHI|Fungi	731	960.6426189485848	S	Protein of unknown function (DUF2408)	MHS440	fungi_OG
3NUHJ|Fungi	801	274.36643642816574	S	Duf726 domain protein	MHS440	fungi_OG
3NUHK|Fungi	756	670.2049252832052	I	triglyceride lipase-cholesterol esterase	MHS440	fungi_OG
3NUHR|Fungi	2608	3744.0049619399947	S	peroxisome organization	MHS440	fungi_OG
3NUHS|Fungi	783	663.3708994773426	S	Auxin Efflux Carrier superfamily	MHS440	fungi_OG
3NUHV|Fungi	301	367.3845201320057	J	Belongs to the eIF-2B alpha beta delta subunits family	MHS440	fungi_OG
3NUHW|Fungi	22236	36626.03896911113	C	Produces ATP from ADP in the presence of a proton gradient across the membrane	MHS440	fungi_OG
3NUHX|Fungi	363	262.25065954177137	S	65 protein	MHS440	fungi_OG
3NUHY|Fungi	572	430.7240129473736	T	Protein tyrosine kinase	MHS440	fungi_OG
3NUI2|Fungi	255	420.83065070292656	A	splicing factor U2AF	MHS440	fungi_OG
3NUI3|Fungi	830	1002.4741921629608	A	mrna export factor mex67	MHS440	fungi_OG
3NUI4|Fungi	140	297.27930399822895	GT	serine threonine-protein phosphatase	MHS440	fungi_OG
3NUI6|Fungi	3366	5600.362472118947	C	The pyruvate dehydrogenase complex catalyzes the overall conversion of pyruvate to acetyl-CoA and CO(2)	MHS440	fungi_OG
3NUI9|Fungi	11633	8430.448100589841	M	13-beta-glucan synthase	MHS440	fungi_OG
3NUIB|Fungi	480	407.9932518897651	L	Belongs to the MCM family	MHS440	fungi_OG
3NUIC|Fungi	1922	2284.595702722771	O	CAAX prenyl protease	MHS440	fungi_OG
3NUID|Fungi	2540	3331.2956071329595	O	assists the folding of proteins upon ATP hydrolysis	MHS440	fungi_OG
3NUIE|Fungi	246	243.95347110487467	H	Arginine methyltransferase involved in the assembly or stability of mitochondrial NADH ubiquinone oxidoreductase complex (complex I)	MHS440	fungi_OG
3NUIG|Fungi	352	208.04585723400618	L	Component of the post-replicative DNA mismatch repair system (MMR). Heterodimerizes with msh2 to form MutS beta, which binds to DNA mismatches thereby initiating DNA repair. Msh3 provides substrate-binding and substrate specificity to the complex. When bound, the MutS beta heterodimer bends the DNA helix and shields approximately 20 base pairs. Acts mainly to repair insertion-deletion loops (IDLs) from 2 to 13 nucleotides in size, but can also repair base-base and single insertion-deletion mismatches that occur during replication. After mismatch binding, forms a ternary complex with the MutL alpha heterodimer, which is thought to be responsible for directing the downstream MMR events, including strand discrimination, excision, and resynthesis. ATP binding and hydrolysis play a pivotal role in mismatch repair functions (By similarity)	MHS440	fungi_OG
3NUIH|Fungi	359	307.9808955092455	G	Belongs to the glycosyl hydrolase 47 family	MHS440	fungi_OG
3NUII|Fungi	507	314.5805589122625	S	Mitochondrial distribution and morphology protein	MHS440	fungi_OG
3NUIJ|Fungi	5549	3994.892914587856	EF	Carbamoyl-phosphate synthase	MHS440	fungi_OG
3NUIN|Fungi	2509	4697.667160643141	T	phosphatase 2C	MHS440	fungi_OG
3NUIQ|Fungi	628	1061.1481662548138	O	Belongs to the peptidase C19 family	MHS440	fungi_OG
3NUIU|Fungi	804	295.250423504076	A	helicase sen1	MHS440	fungi_OG
3NUIX|Fungi	3212	1040.7071160957091	D	wd repeat-containing protein mip1	MHS440	fungi_OG
3NUIZ|Fungi	454	365.49263563316333	I	Squalene	MHS440	fungi_OG
3NUJ0|Fungi	1658	2171.349294053555	H	Catalyzes the ferrous insertion into protoporphyrin IX	MHS440	fungi_OG
3NUJ5|Fungi	1258	1054.2742153990587	E	tryptophan synthase	MHS440	fungi_OG
3NUJ6|Fungi	541	514.6371895655387	U	Copii-coated vesicle protein	MHS440	fungi_OG
3NUJ8|Fungi	4099	4512.29140185596	AJ	Nucleolar protein	MHS440	fungi_OG
3NUJB|Fungi	1472	2499.6488623508694	E	chorismate synthase	MHS440	fungi_OG
3NUJD|Fungi	52	163.77990703732388	J	Methyltransferase	MHS440	fungi_OG
3NUJE|Fungi	1317	901.0623115955821	A	Ankyrin repeat and zinc finger	MHS440	fungi_OG
3NUJI|Fungi	9933	16068.588034302697	J	Required for the assembly and or stability of the 40S ribosomal subunit. Required for the processing of the 20S rRNA- precursor to mature 18S rRNA in a late step of the maturation of 40S ribosomal subunits	MHS440	fungi_OG
3NUJJ|Fungi	570	661.2181291773508	L	topoisomerase i	MHS440	fungi_OG
3NUJK|Fungi	298	412.04183973315986	F	resistance protein	MHS440	fungi_OG
3NUJN|Fungi	609	723.1371396428913	O	Retinoblastoma-binding protein	MHS440	fungi_OG
3NUJP|Fungi	523	962.5610998104236	S	set1 complex component swd1	MHS440	fungi_OG
3NUJR|Fungi	341	291.039965664998	L	DNA helicase	MHS440	fungi_OG
3NUJT|Fungi	98	272.868407578085	I	acetyltransferase, which acetylates the inositol ring of phosphatidylinositol during biosynthesis of GPI- anchor	MHS440	fungi_OG
3NUJV|Fungi	5155	5570.897820071885	A	Belongs to the DEAD box helicase family	MHS440	fungi_OG
3NUJX|Fungi	920	1001.8206609537335	H	coproporphyrinogen III oxidase	MHS440	fungi_OG
3NUJY|Fungi	4626	4710.226752838102	E	Belongs to the group II decarboxylase family	MHS440	fungi_OG
3NUJZ|Fungi	632	305.5518073410656	P	zinc transporter	MHS440	fungi_OG
3NUK2|Fungi	4852	4921.360862183278	O	Heat Shock Protein	MHS440	fungi_OG
3NUK4|Fungi	844	1276.526521206501	O	Proteasome subunit beta	MHS440	fungi_OG
3NUK7|Fungi	279	370.730538863069	OT	Cop9 signalosome complex subunit 5	MHS440	fungi_OG
3NUK8|Fungi	1320	900.7033300226497	P	Calcium channel	MHS440	fungi_OG
3NUKA|Fungi	620	580.1494317967305	S	DUF455-domain-containing protein	MHS440	fungi_OG
3NUKB|Fungi	366	680.6122780924726	E	N-acetylglutamate synthase involved in arginine biosynthesis	MHS440	fungi_OG
3NUKD|Fungi	9628	21895.366622867507	T	Guanine nucleotide-binding protein subunit beta-like protein	MHS440	fungi_OG
3NUKE|Fungi	909	384.3528036111211	U	inositol polyphosphate phosphatase	MHS440	fungi_OG
3NUKF|Fungi	2361	2491.297362084747	U	Vacuolar protein sorting-associated protein Vps5	MHS440	fungi_OG
3NUKI|Fungi	997	741.3716827251127	O	ATP-dependent serine protease that mediates the selective degradation of misfolded and unassembled polypeptides in the peroxisomal matrix. Necessary for type 2 peroxisome targeting signal (PTS2)-containing protein processing and facilitates peroxisome matrix protein import	MHS440	fungi_OG
3NUKJ|Fungi	1578	1288.7344232015305	E	Long-chain-alcohol oxidase	MHS440	fungi_OG
3NUKK|Fungi	7837	13280.393467053715	C	Cytochrome c oxidase is the component of the respiratory chain that catalyzes the reduction of oxygen to water. Subunits 1- 3 form the functional core of the enzyme complex. Subunit 2 transfers the electrons from cytochrome c via its binuclear copper A center to the bimetallic center of the catalytic subunit 1	MHS440	fungi_OG
3NUKM|Fungi	3007	776.2821520862058	S	Saccharomyces cerevisiae	MHS440	fungi_OG
3NUKN|Fungi	450	573.6206280648199	S	golgi integral membrane protein	MHS440	fungi_OG
3NUKP|Fungi	2609	3713.4128389566276	G	glycosyltransferase family 15 protein	MHS440	fungi_OG
3NUKS|Fungi	253	130.00428173838577	S	sister chromatid separation protein	MHS440	fungi_OG
3NUKV|Fungi	2471	1703.8450940482467	Q	ATP-dependent bile acid permease	MHS440	fungi_OG
3NUKW|Fungi	398	559.3508907290159	T	regulatory subunit Sds22	MHS440	fungi_OG
3NUKZ|Fungi	242	126.07758620689657	U	F-box protein	MHS440	fungi_OG
3NUM0|Fungi	508	986.3779967085576	I	fatty acid desaturase	MHS440	fungi_OG
3NUM1|Fungi	605	560.4725051188386	O	Mate efflux family protein	MHS440	fungi_OG
3NUM3|Fungi	275	174.93638676844782	G	UDP-glucose-glucosephosphate glucosyltransferase	MHS440	fungi_OG
3NUM4|Fungi	823	361.83530307659976	U	hypercellular protein	MHS440	fungi_OG
3NUM5|Fungi	2971	6170.011104160526	DUZ	Belongs to the TRAFAC class TrmE-Era-EngA-EngB-Septin- like GTPase superfamily. Septin GTPase family	MHS440	fungi_OG
3NUM6|Fungi	2847	3814.0257850706953	H	UDP-galactopyranose mutase	MHS440	fungi_OG
3NUM7|Fungi	3398	2700.54291327654	J	threonyl-tRNA synthetase	MHS440	fungi_OG
3NUM8|Fungi	2601	2226.3816196060193	K	The SPT4-SPT5 complex mediates both activation and inhibition of transcription elongation, and plays a role in pre- mRNA processing. This complex seems to be important for the stability of the RNA polymerase II elongation machinery on the chromatin template but not for the inherent ability of this machinery to translocate down the gene	MHS440	fungi_OG
3NUMC|Fungi	46	69.88317924146801	CK	fatty acid biosynthetic process	MHS440	fungi_OG
3NUMD|Fungi	3021	2818.1429132445583	I	phosphatase	MHS440	fungi_OG
3NUMF|Fungi	1227	1978.4061512737321	O	Belongs to the AAA ATPase family	MHS440	fungi_OG
3NUMG|Fungi	438	641.9418821734957	A	Involved in the first step of pre-mRNA splicing. Required for cell growth and cell cycle control. Plays a role in the levels of the U1, U4, U5 and U6 snRNAs and the maintenance of the U4 U6 snRNA complex. May provide the link between the nineteen complex NTC spliceosome protein complex and the spliceosome through the U6 snRNA. Associates predominantly with U6 snRNAs in assembled active spliceosomes. Binds directly to the internal stem-loop (ISL) domain of the U6 snRNA and to the pre- mRNA intron near the 5' splice site during the activation and catalytic phases of the spliceosome cycle (By similarity)	MHS440	fungi_OG
3NUMI|Fungi	401	378.3613192112288	K	Transcription factor	MHS440	fungi_OG
3NUMJ|Fungi	4780	6282.159002186871	H	Belongs to the alpha-IPM synthase homocitrate synthase family	MHS440	fungi_OG
3NUMK|Fungi	3272	2350.3034048174804	O	26S proteasome, regulatory subunit	MHS440	fungi_OG
3NUMM|Fungi	432	680.157477123401	J	u3 small nucleolar ribonucleoprotein	MHS440	fungi_OG
3NUMP|Fungi	319	453.41631934983633	K	NF-X1 finger transcription factor	MHS440	fungi_OG
3NUMT|Fungi	900	1059.829635771504	U	Adaptins are components of the adaptor complexes which link clathrin to receptors in coated vesicles. Clathrin-associated protein complexes are believed to interact with the cytoplasmic tails of membrane proteins, leading to their selection and concentration	MHS440	fungi_OG
3NUMX|Fungi	10471	9839.715027446666	C	Belongs to the isocitrate lyase PEP mutase superfamily. Isocitrate lyase family	MHS440	fungi_OG
3NUMZ|Fungi	22017	10980.466663513913	E	Glutamate synthase	MHS440	fungi_OG
3NUN0|Fungi	4922	5904.222866552867	E	Amino acid permease	MHS440	fungi_OG
3NUN1|Fungi	183	188.24519443706262	A	domain-containing protein	MHS440	fungi_OG
3NUN2|Fungi	5348	5529.789626924656	J	Leucyl-trna synthetase	MHS440	fungi_OG
3NUN3|Fungi	894	1365.6457720347692	T	pyruvate dehydrogenase kinase	MHS440	fungi_OG
3NUN4|Fungi	822	769.2569206190602	T	serine threonine protein kinase	MHS440	fungi_OG
3NUN6|Fungi	669	511.07470621931066	A	Belongs to the DEAD box helicase family	MHS440	fungi_OG
3NUN7|Fungi	163	281.73897803628375	L	IdgA domain protein	MHS440	fungi_OG
3NUN9|Fungi	524	1172.870559091251	C	Sporulation protein rmd1	MHS440	fungi_OG
3NUNG|Fungi	1	3.367003367003367	E	Catalyzes the removal of a penultimate prolyl residue from the N-termini of peptides	MHS440	fungi_OG
3NUNH|Fungi	863	1055.6270141842372	E	phosphoserine aminotransferase	MHS440	fungi_OG
3NUNK|Fungi	1264	724.4733302581888	T	Adenylate cyclase	MHS440	fungi_OG
3NUNM|Fungi	538	272.7136697587914	T	IRE protein kinase	MHS440	fungi_OG
3NUNR|Fungi	496	651.3382913434671	D	Component of the cytosolic iron-sulfur (Fe S) protein assembly (CIA) machinery. Required for maturation of extramitochondrial Fe-S proteins. The NBP35-CFD1 heterotetramer forms a Fe-S scaffold complex, mediating the de novo assembly of an Fe-S cluster and its transfer to target apoproteins	MHS440	fungi_OG
3NUNS|Fungi	385	679.5737408068785	T	Belongs to the protein kinase superfamily	MHS440	fungi_OG
3NUNT|Fungi	1322	586.4242942842877	A	U3 small nucleolar RNA-associated protein	MHS440	fungi_OG
3NUNU|Fungi	1392	2559.2483120097017	U	gtp-binding protein ypt1	MHS440	fungi_OG
3NUNW|Fungi	2471	1973.1599438760074	U	import receptor	MHS440	fungi_OG
3NUNX|Fungi	869	647.5869651415945	MO	GPI transamidase component	MHS440	fungi_OG
3NUNY|Fungi	133	111.36409558870639	L	DNA-(Apurinic or apyrimidinic site) lyase	MHS440	fungi_OG
3NUP4|Fungi	275	413.34907530933816	S	Zinc finger protein	MHS440	fungi_OG
3NUP5|Fungi	635	696.8772797479846	J	ribosomal protein	MHS440	fungi_OG
3NUP6|Fungi	5443	6196.802474648051	J	Aspartyl-tRNA synthetase	MHS440	fungi_OG
3NUP7|Fungi	750	519.9030274278549	KLT	Serine threonine-protein kinase nrc-2	MHS440	fungi_OG
3NUP8|Fungi	122	144.2080378250591	O	leucine carboxyl methyltransferase	MHS440	fungi_OG
3NUP9|Fungi	664	996.7090016584792	A	Necessary for the splicing of pre-mRNA	MHS440	fungi_OG
3NUPC|Fungi	444	670.3257217575739	M	Chitin Synthase	MHS440	fungi_OG
3NUPD|Fungi	2088	2287.3302283015382	T	Belongs to the protein kinase superfamily	MHS440	fungi_OG
3NUPF|Fungi	3242	3601.666180687441	BK	Cotranslationally removes the N-terminal methionine from nascent proteins. The N-terminal methionine is often cleaved when the second residue in the primary sequence is small and uncharged (Met-Ala-, Cys, Gly, Pro, Ser, Thr, or Val)	MHS440	fungi_OG
3NUPG|Fungi	328	200.61162079510703	O	Regulatory subunit of the dimeric uba3-ula1 E1 enzyme	MHS440	fungi_OG
3NUPH|Fungi	2846	3429.5857047201466	K	Plays a role in maintenance of chromatin structure during RNA polymerase II transcription elongation thereby repressing transcription initiation from cryptic promoters. Mediates the reassembly of nucleosomes onto the promoters of at least a selected set of genes during repression	MHS440	fungi_OG
3NUPK|Fungi	119	317.1585841928558	J	Belongs to the class-I aminoacyl-tRNA synthetase family	MHS440	fungi_OG
3NUPM|Fungi	538	683.6894478158171	F	mitochondrial nuclease	MHS440	fungi_OG
3NUPN|Fungi	389	291.66909058549925	L	polymerase kappa	MHS440	fungi_OG
3NUPQ|Fungi	134	164.03379336284465	DZ	alpha-tubulin suppressor protein Aats1	MHS440	fungi_OG
3NUPV|Fungi	138	125.91208271159594	C	NADPH adrenodoxin oxidoreductase, mitochondrial	MHS440	fungi_OG
3NUPY|Fungi	563	833.0062848550449	AD	pre-mRNA-splicing factor SYF2	MHS440	fungi_OG
3NUPZ|Fungi	763	653.090582235746	K	phd finger and bah domain protein	MHS440	fungi_OG
3NUQ1|Fungi	1146	1757.8901196198083	J	Tyrosyl-trna synthetase	MHS440	fungi_OG
3NUQ2|Fungi	1409	1753.4600435175103	T	Belongs to the OSBP family	MHS440	fungi_OG
3NUQ3|Fungi	386	716.1388396304134	A	Small nuclear ribonucleoprotein	MHS440	fungi_OG
3NUQ5|Fungi	431	663.2564382852357	L	crossover junction endonuclease mus81	MHS440	fungi_OG
3NUQ7|Fungi	2174	1703.137708046921	I	(ABC) transporter	MHS440	fungi_OG
3NUQ8|Fungi	343	494.385711610845	U	Sorting nexin-41	MHS440	fungi_OG
3NUQC|Fungi	522	966.070433218165	M	dolichol-phosphate mannosyltransferase	MHS440	fungi_OG
3NUQI|Fungi	2691	1821.3305678774464	U	Belongs to the TRAFAC class dynamin-like GTPase superfamily. Dynamin Fzo YdjA family	MHS440	fungi_OG
3NUQJ|Fungi	2414	1723.6077512640716	S	U3 small nucleolar RNA-associated protein	MHS440	fungi_OG
3NUQM|Fungi	22815	35050.87609863075	C	Subunits I, II and III form the functional core of the enzyme complex	MHS440	fungi_OG
3NUQN|Fungi	661	625.11076723193	I	Polyubiquitin binding protein	MHS440	fungi_OG
3NUQR|Fungi	212	243.01506831198301	D	Belongs to the cyclin family	MHS440	fungi_OG
3NUQS|Fungi	736	1422.750465129446	U	endosomal protein p24b	MHS440	fungi_OG
3NUQU|Fungi	592	546.7785329309835	S	Tpr domain-containing protein	MHS440	fungi_OG
3NUQV|Fungi	2211	2616.8815017389506	J	mRNA cap-binding component of the eukaryotic translation initiation factor 3 (eIF-3) complex, which is involved in protein synthesis of a specialized repertoire of mRNAs and, together with other initiation factors, stimulates binding of mRNA and methionyl-tRNAi to the 40S ribosome. The eIF-3 complex specifically targets and initiates translation of a subset of mRNAs involved in cell proliferation. In the eIF-3 complex, eif3d specifically recognizes and binds the 7-methylguanosine cap of a subset of mRNAs	MHS440	fungi_OG
3NUQW|Fungi	529	570.255533043257	H	Nicotinate phosphoribosyltransferase	MHS440	fungi_OG
3NUQX|Fungi	20	45.35695115405261	H	Involved in the catabolism of quinolinic acid (QA)	MHS440	fungi_OG
3NUR0|Fungi	2605	3179.6098142751707	S	Ccch finger dna binding protein	MHS440	fungi_OG
3NUR1|Fungi	640	746.7289684445861	M	Mannosyl phosphorylinositol ceramide synthase	MHS440	fungi_OG
3NUR2|Fungi	9289	10138.531301880073	M	glucosamine--fructose-6-phosphate aminotransferase	MHS440	fungi_OG
3NUR4|Fungi	338	608.8147486888905	J	duf52 domain protein	MHS440	fungi_OG
3NUR7|Fungi	740	406.90639972012536	H	folic acid synthesis protein	MHS440	fungi_OG
3NUR8|Fungi	4278	3010.5072229479138	J	Catalyzes the attachment of alanine to tRNA(Ala) in a two-step reaction alanine is first activated by ATP to form Ala- AMP and then transferred to the acceptor end of tRNA(Ala). Also edits incorrectly charged tRNA(Ala) via its editing domain	MHS440	fungi_OG
3NUR9|Fungi	2328	2910.4925172461294	O	Belongs to the AAA ATPase family	MHS440	fungi_OG
3NURA|Fungi	908	477.31415288185633	U	sh3 domain protein	MHS440	fungi_OG
3NURB|Fungi	623	1314.3824678930341	BD	Regulatory subunit of the condensin complex, a complex required for conversion of interphase chromatin into mitotic-like condense chromosomes. The condensin complex probably introduces positive supercoils into relaxed DNA in the presence of type I topoisomerases and converts nicked DNA into positive knotted forms in the presence of type II topoisomerases	MHS440	fungi_OG
3NURC|Fungi	7794	6723.472319338289	O	Belongs to the ubiquitin-activating E1 family	MHS440	fungi_OG
3NURD|Fungi	1351	1381.7264706687624	T	ste ste11 protein kinase	MHS440	fungi_OG
3NURF|Fungi	3690	4588.553292321548	U	mitochondrial import receptor subunit tom-40	MHS440	fungi_OG
3NURH|Fungi	640	445.6931297436627	L	DNA repair protein RAD5	MHS440	fungi_OG
3NURI|Fungi	624	349.5086018546855	U	exocyst complex component	MHS440	fungi_OG
3NURM|Fungi	3439	2788.1797675105577	O	Belongs to the heat shock protein 70 family	MHS440	fungi_OG
3NURN|Fungi	3006	2644.4384861971985	O	dolichyl-phosphate-mannose-protein mannosyltransferase	MHS440	fungi_OG
3NURQ|Fungi	304	419.82966279920447	S	YagE family	MHS440	fungi_OG
3NURS|Fungi	2944	2988.2904765620033	E	Histidine biosynthesis trifunctional protein	MHS440	fungi_OG
3NURT|Fungi	1117	1426.0034206237153	O	proteasome regulatory	MHS440	fungi_OG
3NURV|Fungi	935	486.7911726317056	T	Belongs to the protein kinase superfamily	MHS440	fungi_OG
3NURW|Fungi	478	603.3206166811317	P	transporter	MHS440	fungi_OG
3NUS1|Fungi	484	327.44016776803545	S	DUF221 domain protein	MHS440	fungi_OG
3NUS2|Fungi	238	372.059814355405	S	bem46 family	MHS440	fungi_OG
3NUS5|Fungi	742	1489.7829548934053	E	Removes the N-terminal methionine from nascent proteins. The N-terminal methionine is often cleaved when the second residue in the primary sequence is small and uncharged (Met-Ala-, Cys, Gly, Pro, Ser, Thr, or Val)	MHS440	fungi_OG
3NUS7|Fungi	18252	14539.032765934984	G	Dihydroxyacetone kinase	MHS440	fungi_OG
3NUS8|Fungi	447	574.009248056449	T	Mitogen-activated protein kinase	MHS440	fungi_OG
3NUS9|Fungi	1763	1208.6457686137117	A	Nucleolar protein	MHS440	fungi_OG
3NUSB|Fungi	438	1089.6288854014701	D	septum formation protein	MHS440	fungi_OG
3NUSE|Fungi	1412	1556.2084322566698	IT	)-reductase	MHS440	fungi_OG
3NUSF|Fungi	653	481.66856360843144	U	Exocyst complex component Sec6	MHS440	fungi_OG
3NUSG|Fungi	303	148.96755162241888	S	developmental regulator flbA	MHS440	fungi_OG
3NUSH|Fungi	1084	1154.0237772756414	Z	Belongs to the WD repeat coronin family	MHS440	fungi_OG
3NUSI|Fungi	276	586.83145674984	O	Beta subunit	MHS440	fungi_OG
3NUSJ|Fungi	456	631.3393168164836	J	May function in recognizing stalled ribosomes and triggering endonucleolytic cleavage of the mRNA, a mechanism to release non-functional ribosomes and degrade damaged mRNAs	MHS440	fungi_OG
3NUSN|Fungi	220	306.3238310332515	O	Belongs to the AAA ATPase family	MHS440	fungi_OG
3NUSR|Fungi	5740	9089.56756570008	C	Inorganic pyrophosphatase	MHS440	fungi_OG
3NUSU|Fungi	888	727.8640710679342	J	Pseudouridine synthase	MHS440	fungi_OG
3NUSV|Fungi	3285	2702.805179354429	O	Serine palmitoyltransferase	MHS440	fungi_OG
3NUSW|Fungi	202	251.76007153108762	E	Pyridoxal 5'-phosphate (PLP)-binding protein, which may be involved in intracellular homeostatic regulation of pyridoxal 5'-phosphate (PLP), the active form of vitamin B6	MHS440	fungi_OG
3NUSX|Fungi	1547	1378.953752836428	G	Catalyzes the phosphorylation of D-fructose 6-phosphate to fructose 1,6-bisphosphate by ATP, the first committing step of glycolysis	MHS440	fungi_OG
3NUT0|Fungi	3299	6521.722301269468	J	Belongs to the eukaryotic ribosomal protein eL19 family	MHS440	fungi_OG
3NUT3|Fungi	981	2354.758029599396	S	The EMC seems to be required for efficient folding of proteins in the endoplasmic reticulum (ER)	MHS440	fungi_OG
3NUT4|Fungi	70	136.5569956796278	S	rRNA-processing protein FCF1	MHS440	fungi_OG
3NUT5|Fungi	67	67.04980842911877	G	Belongs to the FGGY kinase family	MHS440	fungi_OG
3NUT6|Fungi	397	734.9420148927616	F	Purine nucleoside permease	MHS440	fungi_OG
3NUT7|Fungi	74	56.36094593782933	J	Belongs to the TRAFAC class TrmE-Era-EngA-EngB-Septin- like GTPase superfamily. TrmE GTPase family	MHS440	fungi_OG
3NUTC|Fungi	395	934.3153178809438	Z	F-actin capping protein beta subunit	MHS440	fungi_OG
3NUTG|Fungi	225	288.1313893210327	G	-transferase	MHS440	fungi_OG
3NUTI|Fungi	1458	1169.195199421078	I	Acetyl-coenzyme a synthetase	MHS440	fungi_OG
3NUTN|Fungi	626	1278.7804756976175	K	I and III	MHS440	fungi_OG
3NUTP|Fungi	1	3.4722222222222223	P	Involved in the proteasome-dependent degradation of fructose-1,6-bisphosphatase	MHS440	fungi_OG
3NUTS|Fungi	172	121.25007968381462	U	sec7 domain-containing protein	MHS440	fungi_OG
3NUTT|Fungi	480	412.71852185411024	G	D-Xylulose kinase	MHS440	fungi_OG
3NUTU|Fungi	574	535.4801297625922	H	Catalyzes conversion of folates to polyglutamate derivatives allowing concentration of folate compounds in the cell and the intracellular retention of these cofactors, which are important substrates for most of the folate-dependent enzymes that are involved in one-carbon transfer reactions involved in purine, pyrimidine and amino acid synthesis	MHS440	fungi_OG
3NUU0|Fungi	7613	2160.3143060591306	E	Nuclear chaperone required for maturation and nuclear export of pre-60S ribosome subunits	MHS440	fungi_OG
3NUU1|Fungi	760	1226.7451189322994	E	Belongs to the class-III pyridoxal-phosphate-dependent aminotransferase family	MHS440	fungi_OG
3NUU3|Fungi	3628	2470.7585425509196	OP	glutamate carboxypeptidase	MHS440	fungi_OG
3NUU4|Fungi	468	674.3458771673388	J	Exosome complex	MHS440	fungi_OG
3NUU5|Fungi	122	119.25676498619143	UZ	vps52 sac2 family protein	MHS440	fungi_OG
3NUU6|Fungi	4647	3008.3887551898047	I	acetylCoA carboxylase	MHS440	fungi_OG
3NUU7|Fungi	798	832.313757321958	T	kinase kinase	MHS440	fungi_OG
3NUU8|Fungi	100	352.1530898580079	TZ	Uracil phosphoribosyltransferase	MHS440	fungi_OG
3NUU9|Fungi	472	396.19929816507	J	tRNA uridine 5-carboxymethylaminomethyl modification enzyme	MHS440	fungi_OG
3NUUC|Fungi	533	1106.0348845227975	A	Belongs to the DEAD box helicase family	MHS440	fungi_OG
3NUUD|Fungi	1084	851.3094766508608	A	splicing factor 3b	MHS440	fungi_OG
3NUUE|Fungi	7042	5310.265486954962	C	flavin oxidoreductase	MHS440	fungi_OG
3NUUI|Fungi	1882	1423.074421149695	I	transcriptional repressor	MHS440	fungi_OG
3NUUJ|Fungi	868	1294.3251436588569	L	replication factor c	MHS440	fungi_OG
3NUUK|Fungi	334	507.2933108055317	T	autophagy protein	MHS440	fungi_OG
3NUUP|Fungi	9231	7678.6552475015415	EH	Belongs to the TPP enzyme family	MHS440	fungi_OG
3NUUQ|Fungi	1589	1842.9307339059221	F	GMP synthase	MHS440	fungi_OG
3NUUT|Fungi	23584	44916.61157702913	Q	alcohol dehydrogenase	MHS440	fungi_OG
3NUUX|Fungi	3232	4121.525414400699	M	cyclopropane-fatty-acyl-phospholipid synthase	MHS440	fungi_OG
3NUUZ|Fungi	1253	1302.3318926063591	I	fatty acid desaturase	MHS440	fungi_OG
3NUV0|Fungi	1805	1437.8189194737133	J	Belongs to the class-I aminoacyl-tRNA synthetase family	MHS440	fungi_OG
3NUV1|Fungi	468	558.2507664433533	S	Lin1 family	MHS440	fungi_OG
3NUV2|Fungi	1468	3044.437178557917	O	DnaJ domain-containing protein	MHS440	fungi_OG
3NUV3|Fungi	530	956.8759371208523	L	replication factor c	MHS440	fungi_OG
3NUV5|Fungi	8	13.536379018612521	E	transporter	MHS440	fungi_OG
3NUV6|Fungi	2050	1620.836044303163	E	Catalyzes the isomerization between 2-isopropylmalate and 3-isopropylmalate, via the formation of 2-isopropylmaleate	MHS440	fungi_OG
3NUV8|Fungi	877	712.3498897295044	O	Wd repeat protein	MHS440	fungi_OG
3NUV9|Fungi	133	256.3514299240627	K	Duf455 domain protein	MHS440	fungi_OG
3NUVB|Fungi	740	1373.3155214160474	L	Ribonuclease that specifically degrades pre-mRNAs with a defective 5' end cap and is part of a pre-mRNA capping quality control. Has decapping and pyrophosphohydrolase activities. Has decapping activity toward incomplete 5' end cap mRNAs such as unmethylated 5' end-capped RNA to release GpppN and 5' end monophosphate RNA. Also possesses RNA 5'-pyrophosphohydrolase activity by hydrolyzing the 5' end triphosphate to release pyrophosphates (By similarity)	MHS440	fungi_OG
3NUVE|Fungi	691	642.8917965304322	E	gyf domain-containing protein	MHS440	fungi_OG
3NUVF|Fungi	185	310.7634164777022	U	Belongs to the synaptobrevin family	MHS440	fungi_OG
3NUVG|Fungi	1501	1609.1621075878707	F	Belongs to the purine pyrimidine phosphoribosyltransferase family	MHS440	fungi_OG
3NUVK|Fungi	414	462.2953567245515	A	Polyadenylation factor subunit 2	MHS440	fungi_OG
3NUVS|Fungi	487	239.16330799265498	T	CELL division control protein	MHS440	fungi_OG
3NUVT|Fungi	1097	578.4762159714332	K	cellular morphogenesis regulator	MHS440	fungi_OG
3NUVU|Fungi	1197	1402.524331680002	E	acetolactate synthase	MHS440	fungi_OG
3NUVV|Fungi	1943	2360.3434969647515	S	GTPase that associates with pre-60S ribosomal subunits in the nucleolus and is required for their nuclear export and maturation	MHS440	fungi_OG
3NUVW|Fungi	397	431.3574579325578	G	Cell wall	MHS440	fungi_OG
3NUVX|Fungi	551	257.259836305546	U	Adaptins are components of the adaptor complexes which link clathrin to receptors in coated vesicles. Clathrin-associated protein complexes are believed to interact with the cytoplasmic tails of membrane proteins, leading to their selection and concentration	MHS440	fungi_OG
3NUVY|Fungi	427	400.54794520547944	S	Belongs to the membrane-bound acyltransferase family	MHS440	fungi_OG
3NUW1|Fungi	1355	1655.8287811485638	J	ribosomal protein	MHS440	fungi_OG
3NUW2|Fungi	1498	2277.3016950230003	DUZ	Belongs to the TRAFAC class TrmE-Era-EngA-EngB-Septin- like GTPase superfamily. Septin GTPase family	MHS440	fungi_OG
3NUW3|Fungi	852	1011.3673982209548	D	wee protein kinase	MHS440	fungi_OG
3NUW7|Fungi	298	569.8551993419702	U	mitochondrial outer membrane	MHS440	fungi_OG
3NUW8|Fungi	556	708.5132031807767	S	Ribosome biogenesis protein required for processing 35S pre-rRNA at site D	MHS440	fungi_OG
3NUW9|Fungi	692	494.5957439109105	U	PX domain-containing protein	MHS440	fungi_OG
3NUWA|Fungi	3904	10796.179811871494	J	Belongs to the universal ribosomal protein uL13 family	MHS440	fungi_OG
3NUWC|Fungi	1554	1154.8780019517153	TZ	Gtpase-activating protein	MHS440	fungi_OG
3NUWD|Fungi	579	551.2637319649388	D	Hec ndc80p family protein	MHS440	fungi_OG
3NUWE|Fungi	724	1032.3948385501242	O	26S proteasome, regulatory subunit	MHS440	fungi_OG
3NUWF|Fungi	4332	3726.1827687167747	G	glycoside hydrolase family 16 protein	MHS440	fungi_OG
3NUWH|Fungi	501	429.2140921409214	E	Threonine dehydratase	MHS440	fungi_OG
3NUWI|Fungi	626	611.672322340726	I	Phospholipid diacylglycerol acyltransferase	MHS440	fungi_OG
3NUWJ|Fungi	243	402.5859192525859	C	Belongs to the mitochondrial carrier (TC 2.A.29) family	MHS440	fungi_OG
3NUWK|Fungi	5071	3650.2073695957597	G	lysophospholipase	MHS440	fungi_OG
3NUWM|Fungi	583	508.90711997673856	P	transporter	MHS440	fungi_OG
3NUWP|Fungi	626	947.531952059216	V	Mitochondrial GTPase involved in mitochondrial trafficking	MHS440	fungi_OG
3NUWR|Fungi	4921	3085.8312976630687	C	sulfite reductase	MHS440	fungi_OG
3NUWS|Fungi	1758	2312.453337858947	O	Endoplasmic	MHS440	fungi_OG
3NUWX|Fungi	737	995.4112124446702	Z	Belongs to the actin family	MHS440	fungi_OG
3NUWY|Fungi	1779	1438.4879372517269	U	Functions as a sorting receptor in the Golgi compartment required for the intracellular sorting and delivery of soluble vacuolar proteins, like carboxypeptidase Y (CPY) and proteinase A	MHS440	fungi_OG
3NUWZ|Fungi	65900	56606.018662875525	M	Phospholipase c	MHS440	fungi_OG
3NUX0|Fungi	377	661.410091627799	L	Structure-specific nuclease with 5'-flap endonuclease and 5'-3' exonuclease activities involved in DNA replication and repair. During DNA replication, cleaves the 5'-overhanging flap structure that is generated by displacement synthesis when DNA polymerase encounters the 5'-end of a downstream Okazaki fragment. It enters the flap from the 5'-end and then tracks to cleave the flap base, leaving a nick for ligation. Also involved in the long patch base excision repair (LP-BER) pathway, by cleaving within the apurinic apyrimidinic (AP) site-terminated flap. Acts as a genome stabilization factor that prevents flaps from equilibrating into structurs that lead to duplications and deletions. Also possesses 5'-3' exonuclease activity on nicked or gapped double- stranded DNA, and exhibits RNase H activity. Also involved in replication and repair of rDNA and in repairing mitochondrial DNA	MHS440	fungi_OG
3NUX1|Fungi	489	562.8839973219101	A	general negative regulator of transcription subunit 4	MHS440	fungi_OG
3NUX2|Fungi	724	604.6111402061653	J	Aspartyl-tRNA synthetase	MHS440	fungi_OG
3NUX5|Fungi	251	240.42741703020064	J	Catalyzes the transfer of a dimethylallyl group onto the adenine at position 37	MHS440	fungi_OG
3NUX6|Fungi	7	17.0316301703163	E	Belongs to the sodium solute symporter (SSF) (TC 2.A.21) family	MHS440	fungi_OG
3NUX7|Fungi	2259	1404.9917965167303	T	Belongs to the PI3 PI4-kinase family	MHS440	fungi_OG
3NUXA|Fungi	923	1527.8025280257802	C	subunit D	MHS440	fungi_OG
3NUXF|Fungi	103	89.6431679721497	S	Zinc finger protein	MHS440	fungi_OG
3NUXH|Fungi	30	52.91005291005291	C	Catalyzes the hydroxylation of L-kynurenine (L-Kyn) to form 3-hydroxy-L-kynurenine (L-3OHKyn). Required for synthesis of quinolinic acid	MHS440	fungi_OG
3NUXI|Fungi	2304	3689.7702904632865	E	saccharopine dehydrogenase	MHS440	fungi_OG
3NUXJ|Fungi	263	151.20674256033143	A	DEAD DEAH box helicase	MHS440	fungi_OG
3NUXM|Fungi	1648	3037.6867858158907	U	Belongs to the small GTPase superfamily. Rho family	MHS440	fungi_OG
3NUXQ|Fungi	774	931.7577613100306	L	DNA polymerase	MHS440	fungi_OG
3NUXT|Fungi	797	622.9363792528294	A	RNA helicase	MHS440	fungi_OG
3NUXV|Fungi	70	102.6605852748172	S	Vacuolar membrane protein	MHS440	fungi_OG
3NUXW|Fungi	301	510.31364644533306	S	PQ loop repeat protein	MHS440	fungi_OG
3NUXX|Fungi	1994	2633.7689608887554	A	Component of the NOP7 complex, which is required for maturation of the 25S and 5.8S ribosomal RNAs and formation of the 60S ribosome	MHS440	fungi_OG
3NUXY|Fungi	852	727.1551217651809	S	transporter	MHS440	fungi_OG
3NUY0|Fungi	9284	14311.897537018309	C	Succinyl-CoA synthetase functions in the citric acid cycle (TCA), coupling the hydrolysis of succinyl-CoA to the synthesis of ATP and thus represents the only step of substrate- level phosphorylation in the TCA. The beta subunit provides nucleotide specificity of the enzyme and binds the substrate succinate, while the binding sites for coenzyme A and phosphate are found in the alpha subunit	MHS440	fungi_OG
3NUY1|Fungi	498	1079.8063994085019	U	Vacuolar protein sorting-associated protein	MHS440	fungi_OG
3NUY2|Fungi	821	1671.492660175487	J	Belongs to the universal ribosomal protein uL6 family	MHS440	fungi_OG
3NUY5|Fungi	865	1619.966634289491	J	Translation Initiation Factor	MHS440	fungi_OG
3NUY7|Fungi	2471	2687.9485472980623	L	Atp-dependent helicase nam7	MHS440	fungi_OG
3NUY8|Fungi	60	121.20674356699203	U	Er lumen	MHS440	fungi_OG
3NUY9|Fungi	1483	1481.6697736189597	E	transporter	MHS440	fungi_OG
3NUYA|Fungi	7572	11139.10143271442	J	Belongs to the DEAD box helicase family	MHS440	fungi_OG
3NUYB|Fungi	642	532.8735080230149	J	(GTP)-binding protein	MHS440	fungi_OG
3NUYD|Fungi	372	433.53188353972337	A	ATP-dependent DNA helicase involved in DNA damage repair by homologous recombination and in genome maintenance. Capable of unwinding D-loops. Plays a role in limiting crossover recombinants during mitotic DNA double-strand break (DSB) repair. Component of a FANCM-MHF complex which promotes gene conversion at blocked replication forks, probably by reversal of the stalled fork	MHS440	fungi_OG
3NUYE|Fungi	38	139.19413919413918	S	Zinc finger protein	MHS440	fungi_OG
3NUYG|Fungi	470	887.1338270008359	T	phosphatase 2C	MHS440	fungi_OG
3NUYI|Fungi	812	527.8092442350853	I	sporulation protein rmd8	MHS440	fungi_OG
3NUYJ|Fungi	572	606.1176791963866	L	DNA mismatch repair protein	MHS440	fungi_OG
3NUYP|Fungi	563	474.19689888048777	T	Cmgc rck mak protein kinase	MHS440	fungi_OG
3NUYR|Fungi	1343	862.1886038467467	I	reductase	MHS440	fungi_OG
3NUYT|Fungi	63	355.68326947637297	S	Meiotic chromosome segregation protein	MHS440	fungi_OG
3NUYV|Fungi	1734	1048.4050025542685	A	Required for proper assembly of pre-ribosomal particles during the biogenesis of the 60S ribosomal subunit	MHS440	fungi_OG
3NUYW|Fungi	19684	25637.885146670375	O	Belongs to the heat shock protein 70 family	MHS440	fungi_OG
3NUYX|Fungi	2607	2050.9669172546805	O	Cooperates with the reticulon proteins and tubule- shaping DP1 family proteins to generate and maintain the structure of the tubular endoplasmic reticulum network. Has GTPase activity, which is required for its function in ER organization	MHS440	fungi_OG
3NUYZ|Fungi	61	76.44110275689222	T	Belongs to the protein kinase superfamily	MHS440	fungi_OG
3NUZ1|Fungi	2241	3263.0732165523796	JUY	tRNA nucleus export receptor which facilitates tRNA translocation across the nuclear pore complex. Involved in pre- tRNA splicing, probably by affecting the interaction of pre-tRNA with splicing endonuclease (By similarity)	MHS440	fungi_OG
3NUZ3|Fungi	1099	556.9831451070974	BD	Structural maintenance of chromosomes protein	MHS440	fungi_OG
3NUZ4|Fungi	457	1111.568786162996	G	Glycoside hydrolase family 5	MHS440	fungi_OG
3NUZ5|Fungi	134	99.70751420565546	U	ph-response regulator protein pala rim20	MHS440	fungi_OG
3NUZ6|Fungi	10451	31193.372151967043	J	Belongs to the eukaryotic ribosomal protein eL20 family	MHS440	fungi_OG
3NUZ8|Fungi	2168	2133.7965415650783	I	belongs to the flavoprotein pyridine nucleotide cytochrome reductase family	MHS440	fungi_OG
3NUZ9|Fungi	2454	1605.4421254315703	U	The coatomer is a cytosolic protein complex that binds to dilysine motifs and reversibly associates with Golgi non- clathrin-coated vesicles, which further mediate biosynthetic protein transport from the ER, via the Golgi up to the trans Golgi network. Coatomer complex is required for budding from Golgi membranes, and is essential for the retrograde Golgi-to-ER transport of dilysine-tagged proteins	MHS440	fungi_OG
3NUZA|Fungi	273	274.8632098528104	Q	Belongs to the short-chain dehydrogenases reductases (SDR) family	MHS440	fungi_OG
3NUZC|Fungi	527	631.6459265005415	A	Belongs to the DEAD box helicase family	MHS440	fungi_OG
3NUZF|Fungi	1798	1554.4732714908057	A	nonsense-mediated mRNA decay	MHS440	fungi_OG
3NUZG|Fungi	4838	5574.937062935672	Q	Mrna export factor elf1	MHS440	fungi_OG
3NUZI|Fungi	1148	1355.682637659579	Q	monooxygenase	MHS440	fungi_OG
3NUZP|Fungi	386	601.2889336176139	H	Belongs to the eukaryotic-type primase small subunit family	MHS440	fungi_OG
3NUZQ|Fungi	1459	1406.330032988785	J	Multifunctional protein that exhibits several independent functions at different levels of the cellular processes. 5'-3' exonuclease component of the nonsense-mediated mRNA decay (NMD) which is a highly conserved mRNA degradation pathway, an RNA surveillance system whose role is to identify and rid cells of mRNA with premature termination codons and thus prevents accumulation of potentially harmful truncated proteins	MHS440	fungi_OG
3NUZS|Fungi	437	833.6448341357941	O	ubiquitin carboxyl-terminal hydrolase	MHS440	fungi_OG
3NUZU|Fungi	164	360.72591943344344	O	Ubiquitin fusion degradation protein	MHS440	fungi_OG
3NUZV|Fungi	1310	2562.691406502311	E	Belongs to the class-III pyridoxal-phosphate-dependent aminotransferase family	MHS440	fungi_OG
3NUZW|Fungi	315	703.9135495916918	I	to Saccharomyces cerevisiae LCB3 (YJL134W) and YSR3 (YKR053C)	MHS440	fungi_OG
3NUZX|Fungi	112	249.92017306644306	J	3' exoribonuclease	MHS440	fungi_OG
3NUZY|Fungi	1152	908.0295245557307	J	trna ligase	MHS440	fungi_OG
3NUZZ|Fungi	514	348.23848238482384	IQ	fad dependent oxidoreductase	MHS440	fungi_OG
3NV00|Fungi	5277	10020.462527290263	O	RING finger protein	MHS440	fungi_OG
3NV01|Fungi	1650	1672.2048216025107	O	dolichyl-phosphate-mannose-protein mannosyltransferase	MHS440	fungi_OG
3NV03|Fungi	1024	514.5203739127115	G	suppressor of mek1	MHS440	fungi_OG
3NV04|Fungi	640	500.2257360673335	DZ	Btb domain and ankyrin repeat protein	MHS440	fungi_OG
3NV08|Fungi	2917	4466.624129316514	A	Fibrillarin	MHS440	fungi_OG
3NV0B|Fungi	1201	1104.0192363278886	A	mRNA 3'-end-processing protein RNA-14	MHS440	fungi_OG
3NV0C|Fungi	1419	738.1586148845015	Z	Belongs to the TRAFAC class myosin-kinesin ATPase superfamily. Myosin family	MHS440	fungi_OG
3NV0D|Fungi	221	519.6692726754983	U	to Saccharomyces cerevisiae	MHS440	fungi_OG
3NV0I|Fungi	703	1050.0284324771872	A	Belongs to the DEAD box helicase family	MHS440	fungi_OG
3NV0M|Fungi	5111	5010.382544193312	P	cation-transporting ATPase	MHS440	fungi_OG
3NV0N|Fungi	1352	1236.2565049602529	S	Transcription factor	MHS440	fungi_OG
3NV0Q|Fungi	57	160.20170470977342	O	(alpha) subunit	MHS440	fungi_OG
3NV0U|Fungi	341	411.30815999252303	BK	Wd repeat protein	MHS440	fungi_OG
3NV0X|Fungi	297	485.51185961385767	A	splicing factor	MHS440	fungi_OG
3NV0Y|Fungi	1019	1208.774428813554	U	The coatomer is a cytosolic protein complex that binds to dilysine motifs and reversibly associates with Golgi non- clathrin-coated vesicles, which further mediate biosynthetic protein transport from the ER, via the Golgi up to the trans Golgi network. The coatomer complex is required for budding from Golgi membranes, and is essential for the retrograde Golgi-to-ER transport of dilysine-tagged proteins	MHS440	fungi_OG
3NV12|Fungi	930	448.7301543313925	P	Belongs to the TrkH potassium transport family	MHS440	fungi_OG
3NV13|Fungi	2005	3098.170997720043	L	DNA helicase participates in several chromatin remodeling complexes, including the SWR1 and the INO80 complexes	MHS440	fungi_OG
3NV14|Fungi	407	681.608201918061	C	Belongs to the mitochondrial carrier (TC 2.A.29) family	MHS440	fungi_OG
3NV15|Fungi	1097	1339.628523471812	J	Ribosome biogenesis protein	MHS440	fungi_OG
3NV17|Fungi	60168	44298.58206240044	CE	Belongs to the aconitase IPM isomerase family	MHS440	fungi_OG
3NV19|Fungi	4223	5452.126054231463	T	Belongs to the BI1 family	MHS440	fungi_OG
3NV1B|Fungi	2	6.5359477124183005	J	Mitochondrial GTPase that mediates the disassembly of ribosomes from messenger RNA at the termination of mitochondrial protein biosynthesis. Not involved in the GTP-dependent ribosomal translocation step during translation elongation	MHS440	fungi_OG
3NV1D|Fungi	1058	1193.7497872805868	G	Catalyzes the conversion of GlcNAc-6-P into GlcNAc-1-P during the synthesis of uridine diphosphate UDP-GlcNAc, which is a biosynthetic precursor of chitin and also supplies the amino sugars for N-linked oligosaccharides of glycoproteins	MHS440	fungi_OG
3NV1F|Fungi	3474	9094.968892878125	J	Belongs to the eukaryotic ribosomal protein eL15 family	MHS440	fungi_OG
3NV1G|Fungi	1862	1994.4279440800387	O	Belongs to the AAA ATPase family	MHS440	fungi_OG
3NV1H|Fungi	11222	7601.24238536016	P	Sulfite reductase	MHS440	fungi_OG
3NV1I|Fungi	1609	3471.3442300632987	F	Catalyzes the reversible phosphorylation of S-methyl-5'- thioadenosine (MTA) to adenine and 5-methylthioribose-1-phosphate. Involved in the breakdown of MTA, a major by-product of polyamine biosynthesis. Responsible for the first step in the methionine salvage pathway after MTA has been generated from S- adenosylmethionine. Has broad substrate specificity with 6- aminopurine nucleosides as preferred substrates	MHS440	fungi_OG
3NV1J|Fungi	974	974.6661503294355	O	Belongs to the peptidase M16 family	MHS440	fungi_OG
3NV1K|Fungi	370	426.23406431264783	T	Belongs to the type-B carboxylesterase lipase family	MHS440	fungi_OG
3NV1M|Fungi	1611	908.9056810208032	J	Kinase Gcn2	MHS440	fungi_OG
3NV1P|Fungi	42	103.7037037037037	S	PLC-like phosphodiesterase	MHS440	fungi_OG
3NV1U|Fungi	129	357.77870889016305	V	tyrosine-protein phosphatase required for protection against superoxide stress	MHS440	fungi_OG
3NV1W|Fungi	605	815.0939279112795	I	Belongs to the thiolase family	MHS440	fungi_OG
3NV1X|Fungi	210	455.9650617255006	H	fumarylacetoacetate hydrolase	MHS440	fungi_OG
3NV1Y|Fungi	687	1133.196437282048	O	domain-containing protein	MHS440	fungi_OG
3NV1Z|Fungi	340	343.4343434343434	A	nuclear and cytoplasmic polyadenylated rna-binding protein pub1	MHS440	fungi_OG
3NV20|Fungi	311	358.6072540453725	J	RNA-binding nucleolar protein required for pre-rRNA processing. Involved in production of 18S rRNA and assembly of small ribosomal subunit (By similarity)	MHS440	fungi_OG
3NV21|Fungi	730	803.9470358368557	E	Histidinol-phosphate aminotransferase	MHS440	fungi_OG
3NV25|Fungi	18855	16745.305625876983	P	Belongs to the major facilitator superfamily. Sugar transporter (TC 2.A.1.1) family	MHS440	fungi_OG
3NV28|Fungi	1018	732.8125105705844	S	Wd repeat protein	MHS440	fungi_OG
3NV2A|Fungi	108	148.2815734989648	O	serine carboxypeptidase	MHS440	fungi_OG
3NV2D|Fungi	504	194.51773134401535	S	LCCL domain-containing protein	MHS440	fungi_OG
3NV2E|Fungi	15	25.90673575129534	S	Domain of unknown function (DUF1992)	MHS440	fungi_OG
3NV2G|Fungi	355	502.4022954991852	C	Quinone oxidoreductase	MHS440	fungi_OG
3NV2H|Fungi	1265	673.7553774692417	U	intracellular protein transport protein	MHS440	fungi_OG
3NV2J|Fungi	628	684.6549863544645	H	Belongs to the FPP GGPP synthase family	MHS440	fungi_OG
3NV2M|Fungi	575	501.6019722986145	J	Belongs to the eIF-2B alpha beta delta subunits family	MHS440	fungi_OG
3NV2Q|Fungi	443	642.3197492163009	C	Belongs to the mitochondrial carrier (TC 2.A.29) family	MHS440	fungi_OG
3NV2S|Fungi	51	93.40861821740941	U	Involved in transport from the ER to the Golgi apparatus as well as in intra-Golgi transport. It belongs to a super-family of proteins called t-SNAREs or soluble NSF (N-ethylmaleimide- sensitive factor) attachment protein receptor	MHS440	fungi_OG
3NV2T|Fungi	1562	1776.9267361115883	Q	Component of the microsomal membrane bound fatty acid elongation system, which produces the 26-carbon very long-chain fatty acids (VLCFA) from palmitate. Catalyzes the reduction of the 3-ketoacyl-CoA intermediate that is formed in each cycle of fatty acid elongation. VLCFAs serve as precursors for ceramide and sphingolipids	MHS440	fungi_OG
3NV2U|Fungi	4167	3309.5535947408057	J	Mitochondrial GTPase that catalyzes the GTP-dependent ribosomal translocation step during translation elongation. During this step, the ribosome changes from the pre-translocational (PRE) to the post-translocational (POST) state as the newly formed A- site-bound peptidyl-tRNA and P-site-bound deacylated tRNA move to the P and E sites, respectively. Catalyzes the coordinated movement of the two tRNA molecules, the mRNA and conformational changes in the ribosome	MHS440	fungi_OG
3NV2X|Fungi	156	346.12107660593165	Z	Belongs to the actin family	MHS440	fungi_OG
3NV31|Fungi	6886	12271.087146691198	O	Belongs to the peptidase A1 family	MHS440	fungi_OG
3NV32|Fungi	312	610.9603244792779	J	Catalyzes the synthesis of dihydrouridine, a modified base found in the D-loop of most tRNAs	MHS440	fungi_OG
3NV33|Fungi	835	717.4665813483479	BK	SWI SNF complex	MHS440	fungi_OG
3NV38|Fungi	668	655.6988095956608	C	Belongs to the aldehyde dehydrogenase family	MHS440	fungi_OG
3NV3F|Fungi	3394	3184.1725785781628	G	Belongs to the phosphohexose mutase family	MHS440	fungi_OG
3NV3G|Fungi	2002	1737.4469216090076	I	Belongs to the enoyl-CoA hydratase isomerase family	MHS440	fungi_OG
3NV3I|Fungi	507	799.9642985988737	F	Belongs to the GDA1 CD39 NTPase family	MHS440	fungi_OG
3NV3J|Fungi	1208	949.2618199437651	A	ATP-dependent RNA helicase involved spliceosome assembly and in nuclear splicing. Catalyzes an ATP-dependent conformational change of U2 snRNP. Bridges U1 and U2 snRNPs and enables stable U2 snRNP association with intron RNA (By similarity)	MHS440	fungi_OG
3NV3K|Fungi	271	469.58600233324313	S	MRNA splicing protein	MHS440	fungi_OG
3NV3M|Fungi	681	715.0797647347446	BD	Condensin complex subunit	MHS440	fungi_OG
3NV3Q|Fungi	369	225.93596437369123	U	golgi complex component	MHS440	fungi_OG
3NV3V|Fungi	1047	669.1225693951338	JU	Nuclear export protein noc3	MHS440	fungi_OG
3NV3W|Fungi	1108	1010.031000692373	L	As part of the replication protein A (RPA RP-A), a single-stranded DNA-binding heterotrimeric complex, may play an essential role in DNA replication, recombination and repair. Binds and stabilizes single-stranded DNA intermediates, preventing complementary DNA reannealing and recruiting different proteins involved in DNA metabolism	MHS440	fungi_OG
3NV40|Fungi	313	363.8914495190863	O	Belongs to the peptidase S10 family	MHS440	fungi_OG
3NV41|Fungi	531	945.8850651939589	O	Mitochondrial ATPase	MHS440	fungi_OG
3NV43|Fungi	2031	2985.0307815819497	O	Vesicular-fusion protein sec18	MHS440	fungi_OG
3NV47|Fungi	601	604.818602790472	MU	Mannosyltransferase	MHS440	fungi_OG
3NV48|Fungi	696	630.1736252776644	E	Amino acid transporter	MHS440	fungi_OG
3NV49|Fungi	5193	3734.8292875975326	Z	Belongs to the TRAFAC class myosin-kinesin ATPase superfamily. Myosin family	MHS440	fungi_OG
3NV4A|Fungi	287	337.2294187272213	Q	(ABC) transporter	MHS440	fungi_OG
3NV4B|Fungi	732	1660.5476923844833	I	choline-phosphate cytidylyltransferase	MHS440	fungi_OG
3NV4C|Fungi	228	250.85106220885294	V	D-arabinono-1,4-lactone oxidase	MHS440	fungi_OG
3NV4D|Fungi	2039	1299.1582108140522	K	DNA polymerase	MHS440	fungi_OG
3NV4E|Fungi	254	229.2344948594133	U	vacuolar protein sorting protein	MHS440	fungi_OG
3NV4H|Fungi	1628	1876.0218694217306	T	CMGC SRPK protein kinase	MHS440	fungi_OG
3NV4I|Fungi	2324	4437.370225288346	U	Belongs to the small GTPase superfamily. Rho family	MHS440	fungi_OG
3NV4J|Fungi	274	217.45939110981425	S	cwfJ domain-containing protein	MHS440	fungi_OG
3NV4K|Fungi	2018	1065.262072776695	L	DNA polymerase epsilon, catalytic subunit a	MHS440	fungi_OG
3NV4N|Fungi	821	933.5304251736061	E	solute carrier family 12	MHS440	fungi_OG
3NV4P|Fungi	932	954.7673428609357	O	Belongs to the peptidase S8 family	MHS440	fungi_OG
3NV4R|Fungi	1614	1508.4195741317315	P	Belongs to the Ca(2 ) cation antiporter (CaCA) (TC 2.A.19) family	MHS440	fungi_OG
3NV4S|Fungi	6776	12802.620671165443	O	Belongs to the peptidase A1 family	MHS440	fungi_OG
3NV4T|Fungi	455	872.911851179196	E	Belongs to the imidazoleglycerol-phosphate dehydratase family	MHS440	fungi_OG
3NV4U|Fungi	1095	2251.7894349989433	U	GTP-binding Protein	MHS440	fungi_OG
3NV4V|Fungi	392	621.9828620764636	S	upf0016 domain protein	MHS440	fungi_OG
3NV4W|Fungi	8789	14040.8337999589	J	This protein promotes the GTP-dependent binding of aminoacyl-tRNA to the A-site of ribosomes during protein biosynthesis	MHS440	fungi_OG
3NV4X|Fungi	1405	1508.2178299439095	UY	Nonsense-mediated mRNA decay protein	MHS440	fungi_OG
3NV52|Fungi	539	764.5255812820577	I	alkaline	MHS440	fungi_OG
3NV55|Fungi	481	251.19678664284845	T	scy1 protein kinase	MHS440	fungi_OG
3NV57|Fungi	4004	4450.447460899466	I	synthase	MHS440	fungi_OG
3NV58|Fungi	1554	1804.7342953969821	O	Belongs to the AAA ATPase family	MHS440	fungi_OG
3NV59|Fungi	1013	2413.7558077498907	Z	Functions as actin-binding component of the Arp2 3 complex which is involved in regulation of actin polymerization and together with an activating nucleation-promoting factor (NPF) mediates the formation of branched actin networks	MHS440	fungi_OG
3NV5B|Fungi	1456	2567.718518689659	F	Catalyzes the reversible transfer of the terminal phosphate group between ATP and AMP. Plays an important role in cellular energy homeostasis and in adenine nucleotide metabolism. Adenylate kinase activity is critical for regulation of the phosphate utilization and the AMP de novo biosynthesis pathways	MHS440	fungi_OG
3NV5D|Fungi	445	443.6360218086106	J	Belongs to the class-I aminoacyl-tRNA synthetase family	MHS440	fungi_OG
3NV5E|Fungi	1100	921.9961828571845	I	Adds a myristoyl group to the N-terminal glycine residue of certain cellular proteins	MHS440	fungi_OG
3NV5F|Fungi	522	236.5047805469501	EGP	Wd repeat protein	MHS440	fungi_OG
3NV5G|Fungi	523	710.1776540291295	E	Amino acid transporter	MHS440	fungi_OG
3NV5K|Fungi	2970	2042.8513532731329	CE	Belongs to the aconitase IPM isomerase family	MHS440	fungi_OG
3NV5M|Fungi	6013	5767.622572641855	O	Calnexin	MHS440	fungi_OG
3NV5N|Fungi	851	1240.8264199814537	EIOV	leukotriene A(4) hydrolase	MHS440	fungi_OG
3NV5Q|Fungi	388	457.55293490251483	A	Component of the 90S pre-ribosome involved in the maturation of rRNAs. Required for early cleavages of the pre-RNAs in the 40S ribosomal subunit maturation pathway (By similarity)	MHS440	fungi_OG
3NV5R|Fungi	305	414.5127814179447	IQ	cell division cycle protein	MHS440	fungi_OG
3NV5S|Fungi	2378	3407.276571224739	KOT	Belongs to the class I-like SAM-binding methyltransferase superfamily. Protein arginine N- methyltransferase family	MHS440	fungi_OG
3NV5T|Fungi	554	452.7594406331948	J	ribosomal protein	MHS440	fungi_OG
3NV5U|Fungi	171	255.30149373005779	EG	integral membrane protein	MHS440	fungi_OG
3NV5V|Fungi	443	432.68839810170766	O	Component of the EKC KEOPS complex that is required for the formation of a threonylcarbamoyl group on adenosine at position 37 (t(6)A37) in tRNAs that read codons beginning with adenine. The complex is probably involved in the transfer of the threonylcarbamoyl moiety of threonylcarbamoyl-AMP (TC-AMP) to the N6 group of A37. Kae1 likely plays a direct catalytic role in this reaction, but requires other protein(s) of the complex to fulfill this activity. The EKC KEOPS complex also promotes both telomere uncapping and telomere elongation. The complex is required for efficient recruitment of transcriptional coactivators	MHS440	fungi_OG
3NV5W|Fungi	1557	2633.012109054854	I	Ceramide hydroxylase involved in the alpha-hydroxylation of sphingolipid-associated very long chain fatty acids. Hydroxylates the very long chain fatty acid of ceramides at C2 and C3	MHS440	fungi_OG
3NV5Y|Fungi	2705	2215.4037431273314	K	DNA-dependent RNA polymerase catalyzes the transcription of DNA into RNA using the four ribonucleoside triphosphates as substrates	MHS440	fungi_OG
3NV60|Fungi	460	291.79379305062076	P	Belongs to the purine-cytosine permease (2.A.39) family	MHS440	fungi_OG
3NV61|Fungi	2322	2031.6558206440272	O	zinc metalloprotease	MHS440	fungi_OG
3NV62|Fungi	65	127.96840539570191	U	Component of the ESCRT-I complex (endosomal sorting complex required for transport I), a regulator of vesicular trafficking process	MHS440	fungi_OG
3NV68|Fungi	1116	1546.2968556815224	CH	FAD-dependent monooxygenase required for the C5-ring hydroxylation during ubiquinone biosynthesis. Catalyzes the hydroxylation of 3-polyprenyl-4-hydroxybenzoic acid to 3- polyprenyl-4,5-dihydroxybenzoic acid. The electrons required for the hydroxylation reaction may be funneled indirectly from NADPH via a ferredoxin ferredoxin reductase system to COQ6	MHS440	fungi_OG
3NV6A|Fungi	1057	1102.7969188175248	A	splicing factor	MHS440	fungi_OG
3NV6B|Fungi	501	1080.0818822629242	I	Belongs to the CDP-alcohol phosphatidyltransferase class-I family	MHS440	fungi_OG
3NV6C|Fungi	932	1584.0636669451849	O	26S proteasome, regulatory subunit	MHS440	fungi_OG
3NV6G|Fungi	1413	1446.8042281906487	O	Oligosaccharyl transferase STT3 subunit	MHS440	fungi_OG
3NV6H|Fungi	2410	2629.022633186639	J	component of the eukaryotic translation initiation factor 3 (eIF-3) complex, which is involved in protein synthesis of a specialized repertoire of mRNAs and, together with other initiation factors, stimulates binding of mRNA and methionyl-tRNAi to the 40S ribosome. The eIF-3 complex specifically targets and initiates translation of a subset of mRNAs involved in cell proliferation	MHS440	fungi_OG
3NV6I|Fungi	5791	8327.84071019332	C	isocitrate dehydrogenase NAD subunit	MHS440	fungi_OG
3NV6J|Fungi	361	403.2175079125852	J	synthase	MHS440	fungi_OG
3NV6K|Fungi	659	850.0446495706542	H	pantoate-beta-alanine ligase	MHS440	fungi_OG
3NV6N|Fungi	431	581.8744824310402	I	dihydroceramide delta-4-desaturase	MHS440	fungi_OG
3NV6Q|Fungi	13181	12046.874771868497	Q	peroxisomal hydratase-dehydrogenase-epimerase	MHS440	fungi_OG
3NV6S|Fungi	491	422.18255413883827	S	ATP synthase regulation protein NCA2	MHS440	fungi_OG
3NV6T|Fungi	913	1029.4385024067133	A	u3 small nucleolar rna associated protein	MHS440	fungi_OG
3NV6W|Fungi	557	266.62208206021785	J	seryl-trna synthetase	MHS440	fungi_OG
3NV6Y|Fungi	753	665.82032113947	JK	component of the eukaryotic translation initiation factor 3 (eIF-3) complex, which is involved in protein synthesis of a specialized repertoire of mRNAs and, together with other initiation factors, stimulates binding of mRNA and methionyl-tRNAi to the 40S ribosome. The eIF-3 complex specifically targets and initiates translation of a subset of mRNAs involved in cell proliferation	MHS440	fungi_OG
3NV70|Fungi	943	539.7010061615816	O	Belongs to the peptidase M28 family	MHS440	fungi_OG
3NV71|Fungi	2058	1437.8321363789319	A	RNA helicase	MHS440	fungi_OG
3NV73|Fungi	143	106.39880952380952	I	Belongs to the histidine acid phosphatase family	MHS440	fungi_OG
3NV78|Fungi	2522	3475.6748120100074	O	assists the folding of proteins upon ATP hydrolysis	MHS440	fungi_OG
3NV79|Fungi	480	1183.990314051504	C	NADH-ubiquinone oxidoreductase 24 kDa subunit	MHS440	fungi_OG
3NV7A|Fungi	5191	6613.25886687418	C	Component of the ubiquinol-cytochrome c reductase complex (complex III or cytochrome b-c1 complex), which is a respiratory chain that generates an electrochemical potential coupled to ATP synthesis	MHS440	fungi_OG
3NV7B|Fungi	721	1525.943611797772	U	Belongs to the small GTPase superfamily. SAR1 family	MHS440	fungi_OG
3NV7G|Fungi	441	516.3907272621585	U	Acts as component of the peripheral membrane COG complex that is involved in intra-Golgi protein trafficking. COG is located at the cis-Golgi, and regulates tethering of retrograde intra-Golgi vesicles and possibly a number of other membrane trafficking events (By similarity)	MHS440	fungi_OG
3NV7H|Fungi	71	137.68128106286554	G	Mannosyltransferase	MHS440	fungi_OG
3NV7I|Fungi	2257	2233.5980102810954	D	Belongs to the protein kinase superfamily	MHS440	fungi_OG
3NV7J|Fungi	1136	1355.1500427461258	M	alpha-1,2-mannosyltransferase	MHS440	fungi_OG
3NV7M|Fungi	149	202.76954877806548	U	Plays a role in vesicular protein sorting	MHS440	fungi_OG
3NV7P|Fungi	485	264.10968592621026	I	Belongs to the GHMP kinase family. Mevalonate kinase subfamily	MHS440	fungi_OG
3NV7Q|Fungi	1521	1174.4756226152786	O	regulatory subunit	MHS440	fungi_OG
3NV7R|Fungi	1254	2446.431637587837	S	phosphatase	MHS440	fungi_OG
3NV7S|Fungi	1732	2586.276729863883	O	assists the folding of proteins upon ATP hydrolysis	MHS440	fungi_OG
3NV7T|Fungi	996	911.9214471760231	B	histone acetyltransferase type b subunit 2	MHS440	fungi_OG
3NV7X|Fungi	95	206.97700132684653	C	Dehydrogenase	MHS440	fungi_OG
3NV7Y|Fungi	6942	6077.560864516084	O	protease	MHS440	fungi_OG
3NV81|Fungi	782	1514.7056588995017	P	transporter	MHS440	fungi_OG
3NV83|Fungi	15286	13877.324941044928	C	Dehydrogenase	MHS440	fungi_OG
3NV84|Fungi	871	1084.1731885037009	T	Ste ste20 ysk protein kinase	MHS440	fungi_OG
3NV86|Fungi	1736	1457.3258107219758	Q	(ABC) transporter	MHS440	fungi_OG
3NV87|Fungi	4203	3499.8868488127937	S	U3 small nucleolar RNA-associated protein	MHS440	fungi_OG
3NV8A|Fungi	242	481.2665135994644	K	Nuclear envelope morphology protein	MHS440	fungi_OG
3NV8B|Fungi	739	625.8372327472142	G	glucan synthesis regulatory protein	MHS440	fungi_OG
3NV8D|Fungi	1405	2422.6774639729224	O	regulatory subunit	MHS440	fungi_OG
3NV8G|Fungi	1064	923.5010990114395	S	cell cycle control protein	MHS440	fungi_OG
3NV8N|Fungi	1727	987.7060394682496	Q	Heavy metal tolerance protein	MHS440	fungi_OG
3NV8Q|Fungi	1757	1664.707083408113	A	Belongs to the DEAD box helicase family	MHS440	fungi_OG
3NV8S|Fungi	1022	711.6233267160393	F	Belongs to the GDA1 CD39 NTPase family	MHS440	fungi_OG
3NV8T|Fungi	1159	805.7669398755886	L	Vacuole morphology and inheritance protein	MHS440	fungi_OG
3NV8V|Fungi	4393	8142.599630089095	J	Belongs to the EF-1-beta EF-1-delta family	MHS440	fungi_OG
3NV8Y|Fungi	5715	9123.741896627766	G	Belongs to the glycosyl hydrolase 5 (cellulase A) family	MHS440	fungi_OG
3NV91|Fungi	507	519.9686307486678	KL	Transcription factor	MHS440	fungi_OG
3NV92|Fungi	2957	3598.9347179744336	K	DNA-dependent RNA polymerase catalyzes the transcription of DNA into RNA using the four ribonucleoside triphosphates as substrates	MHS440	fungi_OG
3NV93|Fungi	921	1237.848300685733	P	cation diffusion facilitator	MHS440	fungi_OG
3NV96|Fungi	3746	7373.149299409738	C	nadh-ubiquinone oxidoreductase 40 kda subunit	MHS440	fungi_OG
3NV9A|Fungi	267	344.8046642899584	H	Catalyzes the reversible reaction in which hydroxymethyl group from 5,10-methylenetetrahydrofolate is transferred onto alpha-ketoisovalerate to form ketopantoate	MHS440	fungi_OG
3NV9C|Fungi	1266	2107.918612106855	U	BAR adaptor protein	MHS440	fungi_OG
3NV9D|Fungi	262	163.94557285600268	L	DNA mismatch repair protein	MHS440	fungi_OG
3NV9E|Fungi	1371	694.4765061256395	J	wd repeat containing protein 36	MHS440	fungi_OG
3NV9H|Fungi	6730	8798.490356356227	I	acyl-CoA dehydrogenase	MHS440	fungi_OG
3NV9I|Fungi	319	449.92425227698857	U	Vhs domain-containing protein	MHS440	fungi_OG
3NV9J|Fungi	13444	12835.36907298859	O	Belongs to the heat shock protein 70 family	MHS440	fungi_OG
3NV9K|Fungi	691	877.0773644214858	B	Belongs to the MYST (SAS MOZ) family	MHS440	fungi_OG
3NV9M|Fungi	1602	2423.538652106856	T	Belongs to the protein kinase superfamily	MHS440	fungi_OG
3NV9P|Fungi	329	446.3173827276874	K	transcription initiation factor TFIID	MHS440	fungi_OG
3NV9Q|Fungi	193	245.13657466746417	A	domain-containing protein	MHS440	fungi_OG
3NV9U|Fungi	471	516.5737656980328	O	Vacuolar membrane protein	MHS440	fungi_OG
3NV9V|Fungi	2143	1332.5758039798607	P	Zinc cadmium resistance protein	MHS440	fungi_OG
3NV9Y|Fungi	895	954.8543532986317	J	Asparaginyl-tRNA synthetase	MHS440	fungi_OG
3NV9Z|Fungi	165	209.3719806763285	B	SAGA complex	MHS440	fungi_OG
3NVA0|Fungi	1751	2251.6119365153286	U	Essential component of the PAM complex, a complex required for the translocation of transit peptide-containing proteins from the inner membrane into the mitochondrial matrix in an ATP-dependent manner	MHS440	fungi_OG
3NVA2|Fungi	284	211.9966863888995	Z	Belongs to the TRAFAC class myosin-kinesin ATPase superfamily. Kinesin family	MHS440	fungi_OG
3NVA4|Fungi	490	1514.1909466395352	F	Catalyzes the phosphorylation of pyrimidine nucleoside monophosphates at the expense of ATP. Plays an important role in de novo pyrimidine nucleotide biosynthesis. Has preference for UMP and dUMP as phosphate acceptors, but can also use CMP, dCMP and AMP	MHS440	fungi_OG
3NVA6|Fungi	184	250.87108013937285	H	Adds multiple copies of isopentenyl pyrophosphate (IPP) to farnesyl pyrophosphate (FPP) to produce dehydrodolichyl diphosphate (Dedol-PP), a precursor of dolichol which is utilized as a sugar carrier in protein glycosylation in the endoplasmic reticulum (ER)	MHS440	fungi_OG
3NVA9|Fungi	288	483.9339112200206	I	Catalyzes the second two steps of the methylation pathway of phosphatidylcholine biosynthesis, the SAM-dependent methylation of phosphatidylmonomethylethanolamine (PMME) to phosphatidyldimethylethanolamine (PDME) and of PDME to phosphatidylcholine (PC)	MHS440	fungi_OG
3NVAA|Fungi	2774	4748.377866508097	C	Iron-sulfur protein (IP) subunit of succinate dehydrogenase (SDH) that is involved in complex II of the mitochondrial electron transport chain and is responsible for transferring electrons from succinate to ubiquinone (coenzyme Q)	MHS440	fungi_OG
3NVAD|Fungi	248	421.19982045858956	L	CDC7 protein kinase	MHS440	fungi_OG
3NVAF|Fungi	943	685.8604321167726	U	Plays a role in vesicular protein sorting	MHS440	fungi_OG
3NVAG|Fungi	1032	2478.8239928772655	E	Belongs to the class-IV pyridoxal-phosphate-dependent aminotransferase family	MHS440	fungi_OG
3NVAH|Fungi	2924	3744.0727938905748	C	The pyruvate dehydrogenase complex catalyzes the overall conversion of pyruvate to acetyl-CoA and CO(2)	MHS440	fungi_OG
3NVAJ|Fungi	1055	467.4878687740969	A	Rna binding protein	MHS440	fungi_OG
3NVAK|Fungi	1139	1160.142631037784	E	Methylenetetrahydrofolate reductase	MHS440	fungi_OG
3NVAM|Fungi	1000	2372.0312804659584	E	2-Nitropropane dioxygenase	MHS440	fungi_OG
3NVAN|Fungi	756	1595.7376415170158	J	37s ribosomal protein	MHS440	fungi_OG
3NVAR|Fungi	837	372.7342184910992	I	Catalyzes the formation of phosphatidylethanolamine (PtdEtn) from phosphatidylserine (PtdSer). Plays a central role in phospholipid metabolism and in the interorganelle trafficking of phosphatidylserine	MHS440	fungi_OG
3NVAS|Fungi	7018	4058.895430583198	U	May be involved in recycling of membrane proteins between an endocytic compartment and the TGN	MHS440	fungi_OG
3NVAT|Fungi	1700	600.7571658931328	S	NA	MHS440	fungi_OG
3NVAV|Fungi	693	670.9595407989902	L	Origin recognition complex subunit	MHS440	fungi_OG
3NVAW|Fungi	90	146.9444794687513	O	Belongs to the peptidase M28 family	MHS440	fungi_OG
3NVAX|Fungi	720	356.0193602598113	O	C2H2 finger domain protein	MHS440	fungi_OG
3NVB1|Fungi	1262	1205.3746862281478	L	DNA helicase participates in several chromatin remodeling complexes, including the SWR1 and the INO80 complexes	MHS440	fungi_OG
3NVB2|Fungi	1790	2400.4128995577653	U	Endoplasmic reticulum-golgi intermediate compartment protein	MHS440	fungi_OG
3NVB3|Fungi	398	511.17825673786797	I	Belongs to the sterol desaturase family	MHS440	fungi_OG
3NVB4|Fungi	2848	4941.051146338191	C	Electron transfer flavoprotein	MHS440	fungi_OG
3NVB7|Fungi	410	583.3039378401022	P	Ammonium transporter	MHS440	fungi_OG
3NVB9|Fungi	392	570.9245737766788	DT	Belongs to the protein kinase superfamily. RIO-type Ser Thr kinase family	MHS440	fungi_OG
3NVBD|Fungi	197	310.23978410083396	T	Belongs to the protein kinase superfamily	MHS440	fungi_OG
3NVBE|Fungi	1668	2515.411334132157	O	Belongs to the AAA ATPase family	MHS440	fungi_OG
3NVBG|Fungi	749	400.30955624022624	D	Kinetochore protein NUF2	MHS440	fungi_OG
3NVBH|Fungi	362	353.0378358827927	S	Duf2347 superfamily protein	MHS440	fungi_OG
3NVBI|Fungi	882	948.2817905593348	T	Cactus-binding C-terminus of cactin protein	MHS440	fungi_OG
3NVBJ|Fungi	1047	1719.253227652692	U	Lectin family integral membrane protein	MHS440	fungi_OG
3NVBK|Fungi	306	378.23328086141976	J	ATP binding L-PSP endoribonuclease family protein	MHS440	fungi_OG
3NVBN|Fungi	444	514.1825996423361	G	Belongs to the glycosyl hydrolase 3 family	MHS440	fungi_OG
3NVBR|Fungi	2120	2113.8807314735805	H	glutamate-cysteine ligase	MHS440	fungi_OG
3NVBS|Fungi	209	279.38718723767045	E	chorismate mutase	MHS440	fungi_OG
3NVBT|Fungi	532	605.320800657529	U	(GTP)-binding protein	MHS440	fungi_OG
3NVBV|Fungi	242	180.6298276886512	E	decarboxylase	MHS440	fungi_OG
3NVBX|Fungi	1414	625.1625458163973	IQ	ribosome biogenesis protein Urb1	MHS440	fungi_OG
3NVBY|Fungi	450	1249.607162146794	DT	Guanine nucleotide-binding protein alpha-3 subunit	MHS440	fungi_OG
3NVBZ|Fungi	338	76.48789318850419	K	Component of the SRB8-11 complex. The SRB8-11 complex is a regulatory module of the Mediator complex which is itself involved in regulation of basal and activated RNA polymerase II- dependent transcription. The SRB8-11 complex may be involved in the transcriptional repression of a subset of genes regulated by Mediator. It may inhibit the association of the Mediator complex with RNA polymerase II to form the holoenzyme complex	MHS440	fungi_OG
3NVC4|Fungi	355	822.6007511417216	G	Catalyzes the conversion of hemimercaptal, formed from methylglyoxal and glutathione, to S-lactoylglutathione	MHS440	fungi_OG
3NVC8|Fungi	831	1162.2665943456418	T	rho GTPase activator	MHS440	fungi_OG
3NVCC|Fungi	4560	4118.762296131709	UY	importin beta-4 subunit	MHS440	fungi_OG
3NVCE|Fungi	3792	3955.6109551106792	E	asparagine synthetase	MHS440	fungi_OG
3NVCF|Fungi	290	1143.7452017003723	H	Catalyzes the conversion of D-ribulose 5-phosphate to formate and 3,4-dihydroxy-2-butanone 4-phosphate	MHS440	fungi_OG
3NVCH|Fungi	865	761.1542632620434	P	CBS and PB1 domain protein	MHS440	fungi_OG
3NVCI|Fungi	190	315.65102092073784	S	Golgi apparatus membrane protein tvp38	MHS440	fungi_OG
3NVCJ|Fungi	449	284.8266589839623	O	RING finger protein	MHS440	fungi_OG
3NVCM|Fungi	762	614.3014672382199	U	Belongs to the STXBP unc-18 SEC1 family	MHS440	fungi_OG
3NVCP|Fungi	7044	14230.84703429156	J	Belongs to the universal ribosomal protein uS7 family	MHS440	fungi_OG
3NVCQ|Fungi	1466	1163.6501811765108	I	A synthetase	MHS440	fungi_OG
3NVCS|Fungi	1141	656.5032373619991	J	exosome complex exonuclease	MHS440	fungi_OG
3NVCU|Fungi	1162	639.0878126580636	E	Ribosome biogenesis protein tsr1	MHS440	fungi_OG
3NVCW|Fungi	13570	15256.671272618525	U	PH domain-containing protein	MHS440	fungi_OG
3NVCX|Fungi	558	738.4560756352989	G	Galactokinase	MHS440	fungi_OG
3NVD2|Fungi	267	359.85405347821455	K	Transcription elongation factor	MHS440	fungi_OG
3NVD5|Fungi	657	878.7098384653301	TZ	rho GTPase	MHS440	fungi_OG
3NVD7|Fungi	1179	1565.3380708046077	B	histone deacetylase	MHS440	fungi_OG
3NVD8|Fungi	5253	6899.255552533882	Z	Tubulin is the major constituent of microtubules. It binds two moles of GTP, one at an exchangeable site on the beta chain and one at a non-exchangeable site on the alpha chain	MHS440	fungi_OG
3NVDA|Fungi	8228	9330.371091471286	E	glutamine synthetase	MHS440	fungi_OG
3NVDB|Fungi	1175	1527.2334068541293	DZ	exchange factor	MHS440	fungi_OG
3NVDE|Fungi	420	1099.6755850434108	K	dna-directed rna	MHS440	fungi_OG
3NVDF|Fungi	2041	1938.114072824752	H	acetolactate synthase	MHS440	fungi_OG
3NVDJ|Fungi	2671	4638.279335009642	E	Stereospecific condensation of phosphoenolpyruvate (PEP) and D-erythrose-4-phosphate (E4P) giving rise to 3-deoxy-D- arabino-heptulosonate-7-phosphate (DAHP)	MHS440	fungi_OG
3NVDK|Fungi	31	41.168658698539176	S	Belongs to the DHHC palmitoyltransferase family	MHS440	fungi_OG
3NVDM|Fungi	693	1199.065676958827	C	Belongs to the mitochondrial carrier (TC 2.A.29) family	MHS440	fungi_OG
3NVDN|Fungi	4872	7180.293694615745	E	Ketol-acid reductoisomerase	MHS440	fungi_OG
3NVDP|Fungi	5	17.36111111111111	S	Leucine rich repeat domain-containing protein	MHS440	fungi_OG
3NVDQ|Fungi	997	830.6105931479887	T	STE STE20 PAKA protein kinase	MHS440	fungi_OG
3NVDT|Fungi	2221	3519.4688282205366	H	Belongs to the PdxS SNZ family	MHS440	fungi_OG
3NVDU|Fungi	108	136.61870975656376	U	endosomal sorting complex protein	MHS440	fungi_OG
3NVDX|Fungi	322	313.75191639991675	L	Dna polymerase epsilon subunit	MHS440	fungi_OG
3NVE0|Fungi	165	399.90793186736363	O	Belongs to the ubiquitin-conjugating enzyme family	MHS440	fungi_OG
3NVE4|Fungi	1313	1432.0687784213887	H	biotin synthase	MHS440	fungi_OG
3NVE6|Fungi	2025	1438.255784114246	S	RNAPII degradation factor Def1	MHS440	fungi_OG
3NVE7|Fungi	1754	2897.601121643489	C	Nadh-ubiquinone oxidoreductase 23 kda subunit	MHS440	fungi_OG
3NVE8|Fungi	388	226.8910618348561	IT	long chain base kinase	MHS440	fungi_OG
3NVEB|Fungi	884	403.5715073198001	S	cleft lip and palate	MHS440	fungi_OG
3NVED|Fungi	127	162.98368298368297	S	Eukaryotic integral membrane protein	MHS440	fungi_OG
3NVEE|Fungi	490	716.8266990947081	DKT	LEM3 CDC50 family protein	MHS440	fungi_OG
3NVEF|Fungi	4122	3187.4108277043993	A	Pre-mRNA splicing	MHS440	fungi_OG
3NVEG|Fungi	1836	2674.91074934596	G	Catalyzes the hydrolysis of inorganic polyphosphate (polyP) chains of many hundreds of phosphate residues into shorter lengths	MHS440	fungi_OG
3NVEH|Fungi	5847	3168.1462360908586	Q	transporter	MHS440	fungi_OG
3NVEI|Fungi	1601	915.7423624188949	O	Peroxisomal biogenesis factor 6	MHS440	fungi_OG
3NVEK|Fungi	590	645.1155300182406	B	SNF2 family	MHS440	fungi_OG
3NVEN|Fungi	1369	1227.6921410315783	C	Belongs to the mitochondrial carrier (TC 2.A.29) family	MHS440	fungi_OG
3NVEP|Fungi	486	639.9213212357852	T	Channel protein	MHS440	fungi_OG
3NVER|Fungi	2080	1030.2380925207462	U	Component of the coat protein complex II (COPII) which promotes the formation of transport vesicles from the endoplasmic reticulum (ER). The coat has two main functions, the physical deformation of the endoplasmic reticulum membrane into vesicles and the selection of cargo molecules (By similarity)	MHS440	fungi_OG
3NVEU|Fungi	3186	7577.478475362808	DZ	Belongs to the TCTP family	MHS440	fungi_OG
3NVEV|Fungi	266	416.6049647483717	T	Component of the EKC KEOPS complex that is required for the formation of a threonylcarbamoyl group on adenosine at position 37 (t(6)A37) in tRNAs that read codons beginning with adenine. The complex is probably involved in the transfer of the threonylcarbamoyl moiety of threonylcarbamoyl-AMP (TC-AMP) to the N6 group of A37. Bud32 has ATPase activity in the context of the EKC KEOPS complex and likely plays a supporting role to the catalytic subunit kae1. The EKC KEOPS complex also promotes both telomere uncapping and telomere elongation. The complex is required for efficient recruitment of transcriptional coactivators (By similarity)	MHS440	fungi_OG
3NVEX|Fungi	555	702.2000730914432	S	Tetratricopeptide repeats	MHS440	fungi_OG
3NVEY|Fungi	1301	1067.1811482424862	T	(MAP) kinase kinase kinase	MHS440	fungi_OG
3NVEZ|Fungi	535	489.4584580859461	U	Ribosome biogenesis gtpase	MHS440	fungi_OG
3NVF2|Fungi	941	595.3504677886608	Z	Belongs to the histidine acid phosphatase family	MHS440	fungi_OG
3NVF4|Fungi	3527	4469.126525898608	J	histidyl-tRNA synthetase	MHS440	fungi_OG
3NVF5|Fungi	234	134.62228302173583	A	Belongs to the DEAD box helicase family	MHS440	fungi_OG
3NVF6|Fungi	6712	3886.76771155194	K	DNA-dependent RNA polymerase catalyzes the transcription of DNA into RNA using the four ribonucleoside triphosphates as substrates	MHS440	fungi_OG
3NVF8|Fungi	488	682.890061768092	T	Belongs to the protein kinase superfamily	MHS440	fungi_OG
3NVFB|Fungi	723	1124.1679294862513	U	Belongs to the nonaspanin (TM9SF) (TC 9.A.2) family	MHS440	fungi_OG
3NVFD|Fungi	2226	2233.0608721306726	O	Belongs to the cullin family	MHS440	fungi_OG
3NVFE|Fungi	19221	34828.30715823309	J	Belongs to the eukaryotic ribosomal protein eS1 family	MHS440	fungi_OG
3NVFF|Fungi	745	493.0728644214008	BL	Telomerase reverse transcriptase	MHS440	fungi_OG
3NVFH|Fungi	1010	1557.9375413850564	H	Methyltransferase required for the conversion of 2- polyprenyl-6-methoxy-1,4-benzoquinol (DDMQH2) to 2-polyprenyl-3- methyl-6-methoxy-1,4-benzoquinol (DMQH2)	MHS440	fungi_OG
3NVFK|Fungi	89	300.91323906600104	CI	acyl-CoA dehydrogenase	MHS440	fungi_OG
3NVFN|Fungi	2895	4928.776103627684	V	thiosulfate sulfurtransferase	MHS440	fungi_OG
3NVFR|Fungi	44	78.21917347168599	K	Component of the SRB8-11 complex. The SRB8-11 complex is a regulatory module of the Mediator complex which is itself involved in regulation of basal and activated RNA polymerase II- dependent transcription. The SRB8-11 complex may be involved in the transcriptional repression of a subset of genes regulated by Mediator. It may inhibit the association of the Mediator complex with RNA polymerase II to form the holoenzyme complex. The SRB8-11 complex phosphorylates the C-terminal domain (CTD) of the largest subunit of RNA polymerase II (By similarity)	MHS440	fungi_OG
3NVFW|Fungi	825	923.3107146409634	EG	Belongs to the ALG6 ALG8 glucosyltransferase family	MHS440	fungi_OG
3NVFX|Fungi	2561	1764.5307113110468	L	DNA helicase component of the INO80 complex which remodels chromatin by shifting nucleosomes and is involved in DNA repair	MHS440	fungi_OG
3NVFY|Fungi	146	296.96695417359297	D	DNA replication	MHS440	fungi_OG
3NVG0|Fungi	462	537.8433379156282	D	Belongs to the cyclin family	MHS440	fungi_OG
3NVG1|Fungi	730	914.9205489768076	Z	Belongs to the actin family	MHS440	fungi_OG
3NVG2|Fungi	6385	7865.3209048632725	Q	Belongs to the multicopper oxidase family	MHS440	fungi_OG
3NVG5|Fungi	2229	3478.157012031683	BD	Belongs to the nucleosome assembly protein (NAP) family	MHS440	fungi_OG
3NVG8|Fungi	56	78.10320781032078	K	Transcription factor	MHS440	fungi_OG
3NVG9|Fungi	890	879.6163373078844	A	Pab1 binding protein	MHS440	fungi_OG
3NVGA|Fungi	714	2187.9091154021858	GT	serine threonine-protein phosphatase	MHS440	fungi_OG
3NVGC|Fungi	1458	1181.2672775904766	I	kh domain-containing protein	MHS440	fungi_OG
3NVGD|Fungi	6015	17098.23337289654	J	Belongs to the universal ribosomal protein uS17 family	MHS440	fungi_OG
3NVGE|Fungi	730	857.6594890402839	K	Sac3 ganp domain protein	MHS440	fungi_OG
3NVGH|Fungi	8804	13736.31000173618	C	belongs to the flavoprotein pyridine nucleotide cytochrome reductase family	MHS440	fungi_OG
3NVGI|Fungi	1453	2752.3595343768206	E	Belongs to the class-III pyridoxal-phosphate-dependent aminotransferase family	MHS440	fungi_OG
3NVGK|Fungi	903	869.1419007389958	L	Component of the post-replicative DNA mismatch repair system (MMR)	MHS440	fungi_OG
3NVGP|Fungi	6125	5551.829058646405	G	Catalyzes the oxidative decarboxylation of 6- phosphogluconate to ribulose 5-phosphate and CO(2), with concomitant reduction of NADP to NADPH	MHS440	fungi_OG
3NVGT|Fungi	2373	2004.5833852010132	J	mRNA binding protein pumilio	MHS440	fungi_OG
3NVGU|Fungi	6464	9707.705963336393	C	Belongs to the complex I 49 kDa subunit family	MHS440	fungi_OG
3NVGV|Fungi	1743	1539.4110301914225	T	hal protein kinase	MHS440	fungi_OG
3NVGX|Fungi	433	835.9596813048089	Q	udp-glucose 4-epimerase	MHS440	fungi_OG
3NVGY|Fungi	236	436.57114274688644	U	Belongs to the SNF7 family	MHS440	fungi_OG
3NVH0|Fungi	908	866.090416966106	D	checkpoint	MHS440	fungi_OG
3NVH2|Fungi	152	209.65207631874296	S	Lectin involved in the quality control of the secretory pathway. As a member of the endoplasmic reticulum-associated degradation lumenal (ERAD-L) surveillance system, targets misfolded endoplasmic reticulum lumenal glycoproteins for degradation (By similarity)	MHS440	fungi_OG
3NVH4|Fungi	1085	2005.6308822530818	O	proteasome subunit alpha	MHS440	fungi_OG
3NVH6|Fungi	878	1135.1854450223093	H	Arginine methyltransferase involved in the assembly or stability of mitochondrial NADH ubiquinone oxidoreductase complex (complex I)	MHS440	fungi_OG
3NVHB|Fungi	286	499.75799035248406	J	Promotes mitochondrial protein synthesis. May act as a fidelity factor of the translation reaction, by catalyzing a one- codon backward translocation of tRNAs on improperly translocated ribosomes. Binds to mitochondrial ribosomes in a GTP-dependent manner	MHS440	fungi_OG
3NVHC|Fungi	6104	3965.8511063480287	J	Eukaryotic peptide chain release factor gtp-binding subunit	MHS440	fungi_OG
3NVHE|Fungi	2251	3038.7914030393836	H	homoserine O-acetyltransferase	MHS440	fungi_OG
3NVHF|Fungi	3839	6618.186506088635	C	Electron transfer flavoprotein	MHS440	fungi_OG
3NVHG|Fungi	291	328.34437442827993	H	Belongs to the FPP GGPP synthase family	MHS440	fungi_OG
3NVHJ|Fungi	1063	1137.8874948631492	T	kinase kinase kinase	MHS440	fungi_OG
3NVHM|Fungi	904	956.7425560977989	A	SNF2 family	MHS440	fungi_OG
3NVHQ|Fungi	218	267.51092384938886	U	Belongs to the ATG13 family. Fungi subfamily	MHS440	fungi_OG
3NVHT|Fungi	772	691.0834173352885	EO	Protease with a carboxypeptidase B-like function involved in the C-terminal processing of the lysine and arginine residues from protein precursors. Promotes cell fusion and is involved in the programmed cell death (By similarity)	MHS440	fungi_OG
3NVHU|Fungi	336	172.36573751980424	L	DNA Replication	MHS440	fungi_OG
3NVHY|Fungi	2051	2878.5412599065653	H	Belongs to the class-II pyridoxal-phosphate-dependent aminotransferase family	MHS440	fungi_OG
3NVHZ|Fungi	5053	7929.41400549928	H	Interconversion of serine and glycine	MHS440	fungi_OG
3NVI2|Fungi	23	71.54571545715457	G	glycosyl transferase family	MHS440	fungi_OG
3NVI3|Fungi	399	931.0273246762713	U	GTP-binding protein ypt5	MHS440	fungi_OG
3NVI4|Fungi	46	127.7983597732814	C	Belongs to the cytochrome b5 family	MHS440	fungi_OG
3NVI5|Fungi	548	765.6192933926154	E	prephenate dehydrogenase	MHS440	fungi_OG
3NVI7|Fungi	556	389.86487585038947	BDL	sister chromatid cohesion, protein	MHS440	fungi_OG
3NVI9|Fungi	1870	2241.019798255829	P	atypical ABC1 ABC1-B protein kinase	MHS440	fungi_OG
3NVIA|Fungi	419	785.4157335462662	A	U1 snrnp splicing complex subunit	MHS440	fungi_OG
3NVIE|Fungi	1756	2445.6892261592852	E	Threonine synthase	MHS440	fungi_OG
3NVIF|Fungi	2598	5162.82283639948	O	Polyubiquitin	MHS440	fungi_OG
3NVIG|Fungi	432	411.4645867354343	J	phenylalanyl-tRNA synthetase	MHS440	fungi_OG
3NVIM|Fungi	494	608.0010616299152	UY	nucleoporin NUP49 NSP49	MHS440	fungi_OG
3NVIP|Fungi	347	287.7279738149903	Q	short chain dehydrogenase reductase family	MHS440	fungi_OG
3NVIQ|Fungi	366	553.7605327771691	B	Histone methyltransferase that specifically methylates histone H3 to form H3K79me. This methylation is required for telomere silencing and for the pachytene checkpoint during the meiotic cell cycle by allowing the recruitment of RAD9 to double strand breaks. Nucleosomes are preferred as substrate compared to free histones	MHS440	fungi_OG
3NVIS|Fungi	53945	85836.15320156794	C	Dehydrogenase	MHS440	fungi_OG
3NVIT|Fungi	930	1199.2548342433308	W	RRNA processing protein	MHS440	fungi_OG
3NVIW|Fungi	411	631.8247960289324	A	U4 U6 small nuclear ribonucleoprotein Prp4	MHS440	fungi_OG
3NVIX|Fungi	613	891.1638916930332	E	homoserine kinase	MHS440	fungi_OG
3NVIY|Fungi	1330	1508.3168619633573	J	Functions in the early steps of protein synthesis of a small number of specific mRNAs. Acts by directing the binding of methionyl-tRNAi to 40S ribosomal subunits. In contrast to the eIF- 2 complex, it binds methionyl-tRNAi to 40 S subunits in a codon- dependent manner, whereas the eIF-2 complex binds methionyl-tRNAi to 40 S subunits in a GTP-dependent manner. May act by impiging the expression of specific proteins	MHS440	fungi_OG
3NVIZ|Fungi	781	1445.983942767608	A	pre-mRNA-splicing factor clf-1	MHS440	fungi_OG
3NVJ0|Fungi	969	469.9231046869728	T	nucleotide exchange factor	MHS440	fungi_OG
3NVJ1|Fungi	303	207.39219712525667	L	DNA polymerase	MHS440	fungi_OG
3NVJ3|Fungi	4433	5588.233236497443	I	Belongs to the thiolase family	MHS440	fungi_OG
3NVJ6|Fungi	366	689.5352162631648	S	reductase	MHS440	fungi_OG
3NVJ7|Fungi	166	214.5003088785665	E	asparagine	MHS440	fungi_OG
3NVJ8|Fungi	396	486.67006486442716	S	Gtpase-activating protein	MHS440	fungi_OG
3NVJA|Fungi	1974	3177.878478549151	J	Phenylalanyl-trna synthetase	MHS440	fungi_OG
3NVJC|Fungi	414	305.4764388380893	D	camk camkl chk1 protein kinase	MHS440	fungi_OG
3NVJD|Fungi	1277	902.3141631437034	J	transcriptional co-repressor	MHS440	fungi_OG
3NVJE|Fungi	52434	50738.20883719835	O	Belongs to the heat shock protein 70 family	MHS440	fungi_OG
3NVJF|Fungi	825	829.1031388491087	A	Belongs to the DEAD box helicase family	MHS440	fungi_OG
3NVJH|Fungi	548	191.07391910739193	O	Belongs to the peptidase C19 family	MHS440	fungi_OG
3NVJI|Fungi	2250	3131.341548079398	Q	Belongs to the cytochrome P450 family	MHS440	fungi_OG
3NVJM|Fungi	1502	2309.824725983265	E	Phosphoadenosine phosphosulfate reductase	MHS440	fungi_OG
3NVJN|Fungi	682	1103.9356993865385	C	Belongs to the mitochondrial carrier (TC 2.A.29) family	MHS440	fungi_OG
3NVJU|Fungi	285	674.4513245909894	E	1-(5-phosphoribosyl)-5- (5-phosphoribosylamino)methylideneamino imidazole-4-carboxamide isomerase	MHS440	fungi_OG
3NVJV|Fungi	237	412.6543209876543	F	associated) protein	MHS440	fungi_OG
3NVJW|Fungi	992	782.9118298804639	L	Belongs to the MCM family	MHS440	fungi_OG
3NVJX|Fungi	283	253.7402504011352	P	Belongs to the purine-cytosine permease (2.A.39) family	MHS440	fungi_OG
3NVJZ|Fungi	381	654.4455558277513	S	arrestin	MHS440	fungi_OG
3NVK0|Fungi	2141	2285.652940823986	J	Belongs to the class-I aminoacyl-tRNA synthetase family	MHS440	fungi_OG
3NVK1|Fungi	2266	1610.4452145610044	J	cysteinyl-tRNA synthetase	MHS440	fungi_OG
3NVK6|Fungi	1019	1151.2242324992458	O	prohibitin-2	MHS440	fungi_OG
3NVK8|Fungi	748	691.5185630387875	U	Belongs to the STXBP unc-18 SEC1 family	MHS440	fungi_OG
3NVKA|Fungi	426	303.8328867001119	A	ATP-dependent, RNA helicase	MHS440	fungi_OG
3NVKB|Fungi	3193	2104.091431131927	A	splicing factor 3b subunit 1	MHS440	fungi_OG
3NVKE|Fungi	744	556.2524585717458	E	Belongs to the class-III pyridoxal-phosphate-dependent aminotransferase family	MHS440	fungi_OG
3NVKF|Fungi	428	519.8767300333341	Q	tRNA (uracil-5-)-methyltransferase TRM9	MHS440	fungi_OG
3NVKG|Fungi	374	630.8439530320604	C	Belongs to the complex I 20 kDa subunit family	MHS440	fungi_OG
3NVKH|Fungi	472	382.0330979703192	O	Belongs to the AAA ATPase family	MHS440	fungi_OG
3NVKK|Fungi	220	465.4643947601694	Q	methyltransferase	MHS440	fungi_OG
3NVKN|Fungi	2268	3004.329778130738	T	camk camkl kin4 protein kinase	MHS440	fungi_OG
3NVKP|Fungi	44	102.15712209539672	E	O-acetyltransferase	MHS440	fungi_OG
3NVKQ|Fungi	1794	1679.0675727542102	E	glutamate carboxypeptidase	MHS440	fungi_OG
3NVKT|Fungi	433	674.4904583654206	K	transferase caf17, mitochondrial	MHS440	fungi_OG
3NVKZ|Fungi	1995	3046.5932909446688	O	assists the folding of proteins upon ATP hydrolysis	MHS440	fungi_OG
3NVM0|Fungi	212	425.5633581385599	F	Involved in maintaining the homeostasis of cellular nucleotides by catalyzing the interconversion of nucleoside phosphates. Has GTP AMP phosphotransferase and ITP AMP phosphotransferase activities	MHS440	fungi_OG
3NVM1|Fungi	265	155.90205971666796	L	DNA mismatch repair protein	MHS440	fungi_OG
3NVM5|Fungi	1513	1601.865706294263	P	transporter	MHS440	fungi_OG
3NVM8|Fungi	812	709.0665977959243	L	Belongs to the MCM family	MHS440	fungi_OG
3NVMA|Fungi	104	89.6843257709385	U	TBC domain protein	MHS440	fungi_OG
3NVMB|Fungi	213	180.35898230040064	S	Catabolite repression protein crec	MHS440	fungi_OG
3NVMD|Fungi	216	254.39580995136552	L	TatD family	MHS440	fungi_OG
3NVME|Fungi	667	351.87976965513263	Z	Ras GTPase activating protein	MHS440	fungi_OG
3NVMG|Fungi	1248	1483.699974740523	T	Mitogen-activated protein kinase	MHS440	fungi_OG
3NVMH|Fungi	893	454.80475077576966	U	gpi inositol-deacylase	MHS440	fungi_OG
3NVMJ|Fungi	6861	9094.415987651582	C	Isocitrate dehydrogenase NAD subunit, mitochondrial	MHS440	fungi_OG
3NVMK|Fungi	202	178.14019140202853	T	Ras guanine-nucleotide exchange protein	MHS440	fungi_OG
3NVMM|Fungi	538	431.0952307943274	H	Belongs to the precorrin methyltransferase family	MHS440	fungi_OG
3NVMP|Fungi	38	53.672316384180796	B	DNA repair protein	MHS440	fungi_OG
3NVMQ|Fungi	1095	389.12579957356076	A	Responsible for synthesis of pseudouridine from uracil	MHS440	fungi_OG
3NVMR|Fungi	6359	7216.961134572951	Q	Belongs to the zinc-containing alcohol dehydrogenase family. Class-III subfamily	MHS440	fungi_OG
3NVMV|Fungi	1463	2093.4010591965093	O	26S proteasome regulatory subunit RPN8	MHS440	fungi_OG
3NVMW|Fungi	1907	3444.0402119858595	A	factor ATP-dependent RNA helicase PRP43	MHS440	fungi_OG
3NVMY|Fungi	6508	1566.487180888371	U	Involved in the initiation of assembly of the COPII coat required for the formation of transport vesicles from the endoplasmic reticulum (ER) and the selection of cargo molecules. Also involved in autophagy	MHS440	fungi_OG
3NVMZ|Fungi	4088	7740.6172022878045	C	reductase	MHS440	fungi_OG
3NVN3|Fungi	327	349.6922074956926	T	Belongs to the protein-tyrosine phosphatase family. Non-receptor class myotubularin subfamily	MHS440	fungi_OG
3NVN5|Fungi	4095	4017.811268294105	Q	Belongs to the class-I pyridine nucleotide-disulfide oxidoreductase family	MHS440	fungi_OG
3NVN7|Fungi	2539	4842.582540611976	C	Glycerol-3-phosphate dehydrogenase	MHS440	fungi_OG
3NVN8|Fungi	5535	6163.335000806867	I	long-chain-fatty-acid--CoA ligase	MHS440	fungi_OG
3NVNA|Fungi	369	629.4632725834141	U	golgi membrane protein	MHS440	fungi_OG
3NVNB|Fungi	275	334.1192378442193	L	Aaa family atpase	MHS440	fungi_OG
3NVNE|Fungi	1502	1219.1462931967937	G	glucosidase	MHS440	fungi_OG
3NVNH|Fungi	2309	1908.6542251207443	E	NAD( )-dependent glutamate dehydrogenase which degrades glutamate to ammonia and alpha-ketoglutarate	MHS440	fungi_OG
3NVNI|Fungi	310	266.71019068832186	J	aerobactin siderophore biosynthesis protein iucB	MHS440	fungi_OG
3NVNN|Fungi	4522	5150.8065193006505	G	Belongs to the phosphoglycerate kinase family	MHS440	fungi_OG
3NVNP|Fungi	353	708.0582855051282	S	cord and cs	MHS440	fungi_OG
3NVNR|Fungi	14841	14869.916482012344	G	Phosphoenolpyruvate carboxykinase	MHS440	fungi_OG
3NVNV|Fungi	219	210.98265895953756	F	deaminase	MHS440	fungi_OG
3NVNX|Fungi	19525	16439.369280455085	C	oxidoreductase chain 4	MHS440	fungi_OG
3NVNZ|Fungi	2720	2694.154385980065	O	Belongs to the AAA ATPase family	MHS440	fungi_OG
3NVP0|Fungi	127	170.25266647102038	T	rhomboid-like protein	MHS440	fungi_OG
3NVP2|Fungi	288	515.4595948387717	T	Mitogen-activated protein kinase	MHS440	fungi_OG
3NVP5|Fungi	267	134.63480963480964	S	upf0171 domain protein	MHS440	fungi_OG
3NVP8|Fungi	554	621.72073808052	BK	sir2 family histone deacetylase	MHS440	fungi_OG
3NVPA|Fungi	3750	5339.828397981085	O	Ribosome associated DnaJ chaperone Zuotin	MHS440	fungi_OG
3NVPE|Fungi	1300	1009.6221483472627	KL	helicase swr-1	MHS440	fungi_OG
3NVPF|Fungi	4538	6626.042603133151	C	Belongs to the mitochondrial carrier (TC 2.A.29) family	MHS440	fungi_OG
3NVPI|Fungi	1326	1500.738746468807	B	pkhd-type hydroxylase tpa1	MHS440	fungi_OG
3NVPJ|Fungi	3208	1937.7813349486696	A	rRNA biogenesis protein RRP5	MHS440	fungi_OG
3NVPK|Fungi	343	307.58448060075096	BK	histone acetyltransferase	MHS440	fungi_OG
3NVPM|Fungi	1130	640.2135326264439	I	phospholipase C	MHS440	fungi_OG
3NVPN|Fungi	841	1185.8723730511842	E	methionine permease	MHS440	fungi_OG
3NVPW|Fungi	241	285.2037608977161	D	Cyclin domain-containing protein	MHS440	fungi_OG
3NVPX|Fungi	238	359.80880552691434	H	Belongs to the class I-like SAM-binding methyltransferase superfamily. RNA M5U methyltransferase family	MHS440	fungi_OG
3NVPY|Fungi	509	422.38851028450495	S	Nuclear localization protein	MHS440	fungi_OG
3NVQ0|Fungi	208	186.37992831541217	O	Belongs to the peptidase M28 family	MHS440	fungi_OG
3NVQ2|Fungi	859	1085.6942833202556	G	mannose-6-phosphate isomerase	MHS440	fungi_OG
3NVQ5|Fungi	73	57.661927330173775	T	Stress activated MAP kinase interacting protein	MHS440	fungi_OG
3NVQ6|Fungi	102	34.378159757330636	T	calcofluor white hypersensitive protein	MHS440	fungi_OG
3NVQ8|Fungi	914	641.4831973926676	I	patatin-like phospholipase domain-containing protein	MHS440	fungi_OG
3NVQB|Fungi	461	763.8332754479603	E	Belongs to the ATCase OTCase family	MHS440	fungi_OG
3NVQC|Fungi	16905	22893.05506053427	G	Fructose-BISphosphate ALDOLASE	MHS440	fungi_OG
3NVQD|Fungi	1517	2095.876208998389	S	Allomyces macrogynus ATCC 38327	MHS440	fungi_OG
3NVQF|Fungi	897	1659.1918802388532	L	DNA repair and recombination protein RAD54	MHS440	fungi_OG
3NVQH|Fungi	542	496.1837349752351	S	mitochondrial membrane protein pet127	MHS440	fungi_OG
3NVQQ|Fungi	349	235.05226402198986	B	Catalytic component of the COMPASS (Set1C) complex that specifically mono-, di- and trimethylates histone H3 to form H3K4me1 2 3, which subsequently plays a role in telomere length maintenance and transcription elongation regulation	MHS440	fungi_OG
3NVQT|Fungi	944	1877.6883342836709	S	NA	MHS440	fungi_OG
3NVQV|Fungi	2141	1231.7346945404192	O	ring zinc finger protein	MHS440	fungi_OG
3NVQW|Fungi	899	1620.2775560475498	F	Phosphoribosylaminoimidazole-succinocarboxamide synthase	MHS440	fungi_OG
3NVQX|Fungi	239	369.5400611776919	BK	Belongs to the sirtuin family. Class I subfamily	MHS440	fungi_OG
3NVQY|Fungi	1252	648.6019052220979	S	domain-containing protein	MHS440	fungi_OG
3NVQZ|Fungi	253	274.7014115092291	D	Component of the cytosolic iron-sulfur (Fe S) protein assembly (CIA) machinery. Required for maturation of extramitochondrial Fe-S proteins. The NBP35-CFD1 heterotetramer forms a Fe-S scaffold complex, mediating the de novo assembly of an Fe-S cluster and its transfer to target apoproteins	MHS440	fungi_OG
3NVR2|Fungi	1101	1315.7523836829484	U	Vhs domain-containing protein	MHS440	fungi_OG
3NVR3|Fungi	193	62.70305393112411	I	Polyphosphoinositide phosphatase	MHS440	fungi_OG
3NVR5|Fungi	430	150.1863056780501	S	inner centromere protein	MHS440	fungi_OG
3NVR8|Fungi	1610	2466.6370727660274	J	Elongation factor	MHS440	fungi_OG
3NVRA|Fungi	613	1167.5800837819002	H	GTP cyclohydrolase i	MHS440	fungi_OG
3NVRB|Fungi	1519	652.9306503702435	BDLT	Protein kinase rad3	MHS440	fungi_OG
3NVRE|Fungi	2706	3106.613528439864	E	2-isopropylmalate synthase	MHS440	fungi_OG
3NVRF|Fungi	1289	678.8362469005116	I	glycerol-3-phosphate o-acyltransferase	MHS440	fungi_OG
3NVRH|Fungi	254	672.3383612666648	D	Nucleotide binding protein	MHS440	fungi_OG
3NVRI|Fungi	615	532.2268102447845	T	RhoGAP domain-containing protein	MHS440	fungi_OG
3NVRJ|Fungi	1714	1504.3266546851	E	Belongs to the Orn Lys Arg decarboxylase class-II family	MHS440	fungi_OG
3NVRK|Fungi	2129	784.0906789516417	K	Acts as subunit of the RNA polymerase II elongator complex, which is a histone acetyltransferase component of the RNA polymerase II (Pol II) holoenzyme and is involved in transcriptional elongation	MHS440	fungi_OG
3NVRN|Fungi	1043	840.3189456507005	U	SacI domain and endonuclease exonuclease phosphatase	MHS440	fungi_OG
3NVRQ|Fungi	188	292.68303509193083	D	TTK protein kinase	MHS440	fungi_OG
3NVRR|Fungi	767	1031.48588006621	A	factor PRP46	MHS440	fungi_OG
3NVRS|Fungi	1350	1319.7364827230363	J	Asparaginyl-tRNA synthetase	MHS440	fungi_OG
3NVRU|Fungi	1150	1422.1981864177806	O	Aha1 domain family	MHS440	fungi_OG
3NVRX|Fungi	1317	929.332395238967	A	ATP-dependent, RNA helicase	MHS440	fungi_OG
3NVS0|Fungi	613	932.0596873061259	KU	vesicle-mediated transport protein Bfr2 Che-1	MHS440	fungi_OG
3NVS1|Fungi	28853	33088.90368493545	O	Belongs to the heat shock protein 70 family	MHS440	fungi_OG
3NVS2|Fungi	501	608.9166869664157	E	Anthranilate synthase component	MHS440	fungi_OG
3NVS4|Fungi	398	316.1515990482783	I	alpha beta-hydrolase	MHS440	fungi_OG
3NVS5|Fungi	400	462.5937763936651	T	dehydrogenase kinase	MHS440	fungi_OG
3NVS6|Fungi	381	445.97724501537857	T	serine threonine-protein kinase	MHS440	fungi_OG
3NVS7|Fungi	2763	1939.8714590469335	P	cation-transporting ATPase	MHS440	fungi_OG
3NVS8|Fungi	1985	2197.1623217779156	S	Survival factor 1	MHS440	fungi_OG
3NVSA|Fungi	195	111.87504263010707	O	Retinoic acid induced 16-like protein	MHS440	fungi_OG
3NVSK|Fungi	1553	1156.5934480134554	K	glucose-repressible alcohol dehydrogenase transcriptional effector	MHS440	fungi_OG
3NVSN|Fungi	493	424.63393626184325	S	DNA damage response protein	MHS440	fungi_OG
3NVSQ|Fungi	479	376.6824644549763	S	bZIP transcription factor	MHS440	fungi_OG
3NVSR|Fungi	186	365.05996416691886	A	splicing factor 3A subunit	MHS440	fungi_OG
3NVSV|Fungi	163	245.53956556991594	J	ribosomal protein	MHS440	fungi_OG
3NVSY|Fungi	99	195.18412498773617	U	The PI(3,5)P2 regulatory complex regulates both the synthesis and turnover of phosphatidylinositol 3,5-bisphosphate (PtdIns(3,5)P2). Necessary for proper vacuole morphology. Plays an important role in osmotically-induced vacuole fragmentation. Required for cytoplasm to vacuole transport (Cvt) vesicle formation, pexophagy and starvation-induced autophagy. Involved in correct atg9 trafficking to the pre-autophagosomal structure. Might also be involved in premeiotic DNA replication (By similarity)	MHS440	fungi_OG
3NVSZ|Fungi	4288	3353.141656724331	J	Belongs to the class-I aminoacyl-tRNA synthetase family	MHS440	fungi_OG
3NVT2|Fungi	611	1268.9256840402102	O	proteasome subunit beta type	MHS440	fungi_OG
3NVT9|Fungi	1033	796.1779290934493	D	Cell division control protein	MHS440	fungi_OG
3NVTE|Fungi	1001	1671.3040786817744	O	Belongs to the AAA ATPase family	MHS440	fungi_OG
3NVTJ|Fungi	6285	6595.345225151952	J	component of the eukaryotic translation initiation factor 3 (eIF-3) complex, which is involved in protein synthesis of a specialized repertoire of mRNAs and, together with other initiation factors, stimulates binding of mRNA and methionyl-tRNAi to the 40S ribosome. The eIF-3 complex specifically targets and initiates translation of a subset of mRNAs involved in cell proliferation	MHS440	fungi_OG
3NVTK|Fungi	691	571.3937190368823	E	Belongs to the DHHC palmitoyltransferase family	MHS440	fungi_OG
3NVTP|Fungi	1789	5026.296998334516	O	Fk506-binding protein	MHS440	fungi_OG
3NVTS|Fungi	3067	2335.7376089441564	Z	dynein heavy chain	MHS440	fungi_OG
3NVTT|Fungi	2410	1782.1572265229177	Q	Belongs to the multicopper oxidase family	MHS440	fungi_OG
3NVTU|Fungi	772	802.4819434757657	E	o-acetylhomoserine	MHS440	fungi_OG
3NVTV|Fungi	628	439.5285686569733	Z	Actin cortical patch component	MHS440	fungi_OG
3NVTY|Fungi	2095	2200.3923284779125	O	translocation protein SEC63	MHS440	fungi_OG
3NVTZ|Fungi	1022	1358.0393852954921	U	Belongs to the adaptor complexes medium subunit family	MHS440	fungi_OG
3NVU1|Fungi	920	1208.9382613032446	E	Belongs to the pyrroline-5-carboxylate reductase family	MHS440	fungi_OG
3NVU4|Fungi	654	480.6709298234722	O	ubiquitin--protein ligase molybdopterin-converting factor	MHS440	fungi_OG
3NVU5|Fungi	18777	18983.867584158965	C	Produces ATP from ADP in the presence of a proton gradient across the membrane	MHS440	fungi_OG
3NVU6|Fungi	1317	1150.6144910370165	E	Amino acid transporter	MHS440	fungi_OG
3NVUD|Fungi	686	803.6415530432109	U	peroxisomal membrane protein	MHS440	fungi_OG
3NVUH|Fungi	855	1048.7814021435609	S	Actin-interacting protein	MHS440	fungi_OG
3NVUI|Fungi	1035	667.3395185871033	IN	nuclear elongation and deformation protein	MHS440	fungi_OG
3NVUM|Fungi	690	778.2051481828248	E	gamma-glutamyltranspeptidase	MHS440	fungi_OG
3NVUP|Fungi	1121	721.7090894926855	I	Oxysterol binding protein	MHS440	fungi_OG
3NVUT|Fungi	356	492.85583180973134	K	Involved in nuclear export, actin cytoskeleton organization and vesicular transport	MHS440	fungi_OG
3NVUU|Fungi	608	564.3058990832695	E	Aminotransferase	MHS440	fungi_OG
3NVUZ|Fungi	312	477.7450676350966	A	Belongs to the MAK16 family	MHS440	fungi_OG
3NVV4|Fungi	1401	1606.5008113392405	O	assists the folding of proteins upon ATP hydrolysis	MHS440	fungi_OG
3NVV5|Fungi	1094	911.6683687119096	Q	serine threonine-protein kinase	MHS440	fungi_OG
3NVV8|Fungi	984	1173.603235975997	I	NAD dependent epimerase dehydratase	MHS440	fungi_OG
3NVV9|Fungi	434	231.49578846659767	A	g-patch domain-containing protein	MHS440	fungi_OG
3NVVA|Fungi	1481	1262.6343573123286	JT	RNA-binding protein involved in post-transcriptional regulation through transcript degradation. May be involved in vacuolar protein transport (By similarity)	MHS440	fungi_OG
3NVVD|Fungi	2869	2922.983280393192	J	centromere microtubule-binding protein CBF5	MHS440	fungi_OG
3NVVE|Fungi	1875	2740.2709705353045	O	assists the folding of proteins upon ATP hydrolysis	MHS440	fungi_OG
3NVVI|Fungi	873	1172.2212427037095	Q	alcohol dehydrogenase	MHS440	fungi_OG
3NVVK|Fungi	2206	2011.2638453232514	G	UDP-glucose glycoprotein glucosyltransferase	MHS440	fungi_OG
3NVVN|Fungi	1384	2293.1548193154367	Q	Sporulation protein SPS19	MHS440	fungi_OG
3NVVP|Fungi	1135	511.02200255823544	S	Cullin-associated nedd8-dissociated protein	MHS440	fungi_OG
3NVVR|Fungi	544	605.7525558621394	U	PEX19 protein	MHS440	fungi_OG
3NVVS|Fungi	260	272.55787585617236	E	8-amino-7-oxononanoate synthase	MHS440	fungi_OG
3NVVT|Fungi	1070	1278.5698483950857	E	transporter	MHS440	fungi_OG
3NVVV|Fungi	3219	3910.703346143882	T	DUF89 domain-containing protein	MHS440	fungi_OG
3NVVW|Fungi	582	368.38854192371963	S	ubiquitin--protein ligase	MHS440	fungi_OG
3NVVX|Fungi	451	467.76789736311764	BK	complex subunit snf5	MHS440	fungi_OG
3NVVZ|Fungi	727	676.3097570981071	U	GARP complex subunit Vps53	MHS440	fungi_OG
3NVW0|Fungi	796	901.8736661253898	Q	L-Ornithine	MHS440	fungi_OG
3NVW1|Fungi	926	793.0931955996649	T	AGC protein kinase	MHS440	fungi_OG
3NVW2|Fungi	1288	1616.762657444079	E	Belongs to the aldehyde dehydrogenase family	MHS440	fungi_OG
3NVW6|Fungi	505	374.2596587202752	E	Catalyzes two activities which are involved in the cyclic version of arginine biosynthesis the synthesis of acetylglutamate from glutamate and acetyl-CoA, and of ornithine by transacetylation between acetylornithine and glutamate	MHS440	fungi_OG
3NVW7|Fungi	335	298.701919520504	O	Tmem1 family	MHS440	fungi_OG
3NVWA|Fungi	606	1686.811991389269	U	Belongs to the small GTPase superfamily. Arf family	MHS440	fungi_OG
3NVWG|Fungi	1	5.952380952380952	T	calmodulin	MHS440	fungi_OG
3NVWH|Fungi	347	266.7403219430772	BK	PAXNEB protein	MHS440	fungi_OG
3NVWI|Fungi	166	412.88041656927913	A	Initiator tRNA phosphoribosyl transferase	MHS440	fungi_OG
3NVWJ|Fungi	725	1453.0245602305654	D	Hsp90 co-chaperone CDC37	MHS440	fungi_OG
3NVWN|Fungi	1064	535.454918770886	C	trna processing endoribonuclease	MHS440	fungi_OG
3NVWP|Fungi	1925	3246.649178002845	A	Belongs to the class I-like SAM-binding methyltransferase superfamily. RsmB NOP family	MHS440	fungi_OG
3NVWR|Fungi	34	100.28860028860029	V	NADPH-dependent methylglyoxal reductase	MHS440	fungi_OG
3NVWT|Fungi	579	421.9231974609889	MOT	chitin synthase activator	MHS440	fungi_OG
3NVWU|Fungi	3846	1791.6460862981753	S	mRNA-binding protein involved in proper cytoplasmic distribution of mitochondria	MHS440	fungi_OG
3NVWW|Fungi	2032	1613.0785258533278	S	topoisomerase	MHS440	fungi_OG
3NVWX|Fungi	76	82.82755298651252	D	Methylates the 2'-O-ribose of nucleotides at positions 32 and 34 of the tRNA anticodon loop of substrate tRNAs	MHS440	fungi_OG
3NVWY|Fungi	1860	2227.8319533467516	M	UDP-N-acetylglucosamine pyrophosphorylase	MHS440	fungi_OG
3NVWZ|Fungi	536	845.3830945110014	C	Belongs to the mitochondrial carrier (TC 2.A.29) family	MHS440	fungi_OG
3NVX5|Fungi	1275	1656.2385969244835	J	Plays a central role in 2-thiolation of mcm(5)S(2)U at tRNA wobble positions of tRNA(Lys), tRNA(Glu) and tRNA(Gln). Directly binds tRNAs and probably acts by catalyzing adenylation of tRNAs, an intermediate required for 2-thiolation. It is unclear whether it acts as a sulfurtransferase that transfers sulfur from thiocarboxylated URM1 onto the uridine of tRNAs at wobble position. Prior mcm(5) tRNA modification by the elongator complex is required for 2-thiolation. May also be involved in protein urmylation	MHS440	fungi_OG
3NVXA|Fungi	511	294.11794421261527	H	Belongs to the class I-like SAM-binding methyltransferase superfamily	MHS440	fungi_OG
3NVXB|Fungi	950	544.9591757093209	A	atp-dependent rna helicase dbp10	MHS440	fungi_OG
3NVXC|Fungi	644	1073.0139519213405	P	Belongs to the monovalent cation proton antiporter 1 (CPA1) transporter (TC 2.A.36) family	MHS440	fungi_OG
3NVXF|Fungi	1310	790.0284697760453	T	Protein kinase c	MHS440	fungi_OG
3NVXH|Fungi	1407	1638.5168254992636	UY	Chromosome segregation protein	MHS440	fungi_OG
3NVXK|Fungi	2446	3656.697132731532	Z	Tubulin is the major constituent of microtubules. It binds two moles of GTP, one at an exchangeable site on the beta chain and one at a non-exchangeable site on the alpha chain	MHS440	fungi_OG
3NVXN|Fungi	63	144.3803110469777	V	-phosphatase	MHS440	fungi_OG
3NVXP|Fungi	138	137.54532980495932	UZ	Cysteine protease required for the cytoplasm to vacuole transport (Cvt) and autophagy	MHS440	fungi_OG
3NVXS|Fungi	1986	1850.3362190335342	K	Transcription regulator bdf1	MHS440	fungi_OG
3NVXU|Fungi	767	1375.5443005657094	C	Subunit of the peripheral V1 complex of vacuolar ATPase. Subunit C is necessary for the assembly of the catalytic sector of the enzyme and is likely to have a specific function in its catalytic activity. V-ATPase is responsible for acidifying a variety of intracellular compartments in eukaryotic cells	MHS440	fungi_OG
3NVXV|Fungi	835	1234.6603752649974	EG	Duf250 domain membrane protein	MHS440	fungi_OG
3NVXY|Fungi	7653	10802.300784472298	F	Catalyzes the conversion of inosine 5'-phosphate (IMP) to xanthosine 5'-phosphate (XMP), the first committed and rate- limiting step in the de novo synthesis of guanine nucleotides, and therefore plays an important role in the regulation of cell growth	MHS440	fungi_OG
3NVY0|Fungi	814	392.5106384306811	T	Histidine kinase	MHS440	fungi_OG
3NVY5|Fungi	1649	1800.340127486843	C	Nadh dehydrogenase	MHS440	fungi_OG
3NVY8|Fungi	315	349.1830638238907	D	Belongs to the protein kinase superfamily	MHS440	fungi_OG
3NVYB|Fungi	1772	3223.2038621157044	C	Cytochrome c1	MHS440	fungi_OG
3NVYE|Fungi	252	428.508463646316	U	Transmembrane emp24 domain-containing protein	MHS440	fungi_OG
3NVYG|Fungi	285	178.93535621852885	P	Anion exchange family protein	MHS440	fungi_OG
3NVYH|Fungi	1387	1962.1883545580463	E	Argininosuccinate lyase	MHS440	fungi_OG
3NVYJ|Fungi	350	408.2643716208761	D	-domain-containing protein	MHS440	fungi_OG
3NVYM|Fungi	892	1242.1395455066177	J	Trna pseudouridine synthase	MHS440	fungi_OG
3NVYP|Fungi	1077	445.409429280397	L	transcriptional repressor	MHS440	fungi_OG
3NVYR|Fungi	471	766.5617491354835	F	Belongs to the 5'-nucleotidase family	MHS440	fungi_OG
3NVYV|Fungi	34	93.0087390761548	I	Belongs to the thiolase family	MHS440	fungi_OG
3NVYX|Fungi	904	1420.8103435407554	T	Belongs to the BI1 family	MHS440	fungi_OG
3NVYY|Fungi	147	445.17106700137776	U	Trafficking protein particle complex subunit BET3	MHS440	fungi_OG
3NVZ1|Fungi	182	501.12140359354515	J	Required for proper 27S pre-rRNA processing and 60S ribosome subunit assembly	MHS440	fungi_OG
3NVZ2|Fungi	426	770.9958867705367	A	zinc finger protein rts2	MHS440	fungi_OG
3NVZ4|Fungi	4587	7258.813965459506	C	Belongs to the isocitrate and isopropylmalate dehydrogenases family	MHS440	fungi_OG
3NVZ5|Fungi	1310	1431.8159899129926	H	methylenetetrahydrofolate dehydrogenase	MHS440	fungi_OG
3NVZ7|Fungi	717	680.0799272250474	Q	)-reductase	MHS440	fungi_OG
3NVZ9|Fungi	906	1281.984748277643	S	Dna-binding protein hgh1	MHS440	fungi_OG
3NVZD|Fungi	691	360.03240781290697	A	splicing factor	MHS440	fungi_OG
3NVZF|Fungi	1152	701.6918206117766	J	U3 small nucleolar RNA-associated protein 22	MHS440	fungi_OG
3NVZK|Fungi	2482	3211.230641827678	J	u5 small nuclear ribonucleoprotein component	MHS440	fungi_OG
3NVZM|Fungi	1012	769.5970222565716	L	Belongs to the MCM family	MHS440	fungi_OG
3NVZP|Fungi	1425	931.5089760911783	A	periodic tryptophan protein	MHS440	fungi_OG
3NVZQ|Fungi	2078	2993.436949452126	C	Belongs to the complex I 30 kDa subunit family	MHS440	fungi_OG
3NVZR|Fungi	831	697.0455789279176	A	RNA helicase	MHS440	fungi_OG
3NVZS|Fungi	651	1110.2788714230492	C	chaperone	MHS440	fungi_OG
3NVZT|Fungi	1682	3669.3070956892675	U	Copii-coated vesicle protein	MHS440	fungi_OG
3NVZV|Fungi	1432	773.8570516154784	H	c-1-tetrahydrofolate synthase	MHS440	fungi_OG
3NVZW|Fungi	811	1269.9006916330886	B	Involved in deacetylation of histones, chromatin assembly and chromosome segregation. May act as a transcriptional oscillator, directing histone deacetylases to specific chromosomal domains. Component of the NuA4 histone acetyltransferase complex which is involved in transcriptional activation of selected genes principally by acetylation of nucleosomal histone H4 and H2A. The NuA4 complex is also involved in DNA repair (By similarity)	MHS440	fungi_OG
3NVZX|Fungi	484	592.2288034868983	H	Allows the formation of correctly charged Gln-tRNA(Gln) through the transamidation of misacylated Glu-tRNA(Gln) in the mitochondria. The reaction takes place in the presence of glutamine and ATP through an activated gamma-phospho-Glu- tRNA(Gln)	MHS440	fungi_OG
3NVZY|Fungi	1820	1341.1124565664204	P	Sulfate permease	MHS440	fungi_OG
3NW00|Fungi	1194	1205.6186767483364	P	transporter	MHS440	fungi_OG
3NW05|Fungi	3566	5488.809357508373	E	Alanine-glyoxylate aminotransferase	MHS440	fungi_OG
3NW06|Fungi	523	924.5240442524135	S	Membrane protein tms1	MHS440	fungi_OG
3NW07|Fungi	1044	392.5887688791827	L	DNA polymerase	MHS440	fungi_OG
3NW08|Fungi	1169	528.9730743379575	AL	5'-3' exoribonuclease	MHS440	fungi_OG
3NW09|Fungi	684	731.5266492402296	K	Component of the FACT complex, a general chromatin factor that acts to reorganize nucleosomes. The FACT complex is involved in multiple processes that require DNA as a template such as mRNA elongation, DNA replication and DNA repair. During transcription elongation the FACT complex acts as a histone chaperone that both destabilizes and restores nucleosomal structure. It facilitates the passage of RNA polymerase II and transcription by promoting the dissociation of one histone H2A-H2B dimer from the nucleosome, then subsequently promotes the reestablishment of the nucleosome following the passage of RNA polymerase II (By similarity)	MHS440	fungi_OG
3NW0B|Fungi	34	41.57200229489386	Q	alcohol dehydrogenase	MHS440	fungi_OG
3NW0C|Fungi	3234	4521.141138507324	O	Belongs to the class-II pyridine nucleotide-disulfide oxidoreductase family	MHS440	fungi_OG
3NW0D|Fungi	1389	1622.031959261587	O	assists the folding of proteins upon ATP hydrolysis	MHS440	fungi_OG
3NW0E|Fungi	563	250.0050573022089	D	plasma membrane channel protein	MHS440	fungi_OG
3NW0F|Fungi	497	410.5291326195141	K	alpha beta fold family	MHS440	fungi_OG
3NW0M|Fungi	241	259.95239576470823	H	E1-like activating enzyme involved in the 2 ubiquitin- like systems required for cytoplasm to vacuole transport (Cvt) and autophagy. Activates ATG12 for its conjugation with ATG5 and ATG8 for its conjugation with phosphatidylethanolamine. Both systems are needed for the ATG8 association to Cvt vesicles and autophagosomes membranes. Autophagy is essential for maintenance of amino acid levels and protein synthesis under nitrogen starvation. Required for selective autophagic degradation of the nucleus (nucleophagy) as well as for mitophagy which contributes to regulate mitochondrial quantity and quality by eliminating the mitochondria to a basal level to fulfill cellular energy requirements and preventing excess ROS production. Plays a role in the regulation of filamentous growth and chronological longevity (By similarity)	MHS440	fungi_OG
3NW0R|Fungi	921	619.6775404194359	E	cystathionine beta-lyase	MHS440	fungi_OG
3NW0U|Fungi	365	385.0331246301943	J	Catalytic subunit of tRNA (adenine-N(1)-)- methyltransferase, which catalyzes the formation of N(1)- methyladenine at position 58 (m1A58) in initiator methionyl-tRNA	MHS440	fungi_OG
3NW0V|Fungi	1942	2922.09299549914	F	reductase small	MHS440	fungi_OG
3NW0X|Fungi	373	508.3689493021413	A	u4 u6 small nuclear ribonucleoprotein	MHS440	fungi_OG
3NW0Y|Fungi	1699	1709.6239671662072	EH	Duf21 and cbs domain protein	MHS440	fungi_OG
3NW0Z|Fungi	190	250.9755850438368	U	Belongs to the adaptor complexes medium subunit family	MHS440	fungi_OG
3NW12|Fungi	281	833.2081508374996	O	Belongs to the ubiquitin-conjugating enzyme family	MHS440	fungi_OG
3NW13|Fungi	681	1432.545780109494	Z	Belongs to the TRAFAC class myosin-kinesin ATPase superfamily. Myosin family	MHS440	fungi_OG
3NW14|Fungi	652	283.6773739428623	S	Tuberous sclerosis 1	MHS440	fungi_OG
3NW15|Fungi	50	107.5268817204301	S	ATP binding protein	MHS440	fungi_OG
3NW19|Fungi	43	84.31372549019608	Q	nrps-like enzyme	MHS440	fungi_OG
3NW1A|Fungi	20	38.53564547206165	T	-phosphatase	MHS440	fungi_OG
3NW1B|Fungi	1103	592.3671736893854	O	e3 ubiquitin-protein ligase	MHS440	fungi_OG
3NW1D|Fungi	1016	1161.1453366443698	Y	Cdc48-dependent protein degradation adaptor protein	MHS440	fungi_OG
3NW1F|Fungi	8170	12722.690296249637	E	Belongs to the peroxidase family	MHS440	fungi_OG
3NW1I|Fungi	960	489.661058897283	S	to Saccharomyces cerevisiae	MHS440	fungi_OG
3NW1S|Fungi	165	218.93769116270056	J	3' exoribonuclease family protein	MHS440	fungi_OG
3NW1T|Fungi	416	515.4894671623296	O	cytoplasm protein	MHS440	fungi_OG
3NW1U|Fungi	567	222.61484098939928	A	Functions as component of the transcription regulatory histone acetylation (HAT) complex SAGA. At the promoters, SAGA is required for recruitment of the basal transcription machinery. It influences RNA polymerase II transcriptional activity through different activities such as TBP interaction and promoter selectivity, interaction with transcription activators, and chromatin modification through histone acetylation and deubiquitination. SAGA acetylates nucleosomal histone H3 to some extent (to form H3K9ac, H3K14ac, H3K18ac and H3K23ac). SAGA interacts with DNA via upstream activating sequences (UASs). Involved in transcriptional regulation of a subset of SAGA- regulated genes. Within the SAGA complex, participates in a subcomplex, that specifically deubiquitinates histones H2B	MHS440	fungi_OG
3NW1W|Fungi	506	441.8592107573819	O	Metal homeostatis protein BSD2	MHS440	fungi_OG
3NW1Y|Fungi	991	1015.7723189139352	M	Choline kinase	MHS440	fungi_OG
3NW1Z|Fungi	421	354.61597810950474	D	Belongs to the cullin family	MHS440	fungi_OG
3NW23|Fungi	2576	1448.3352814016037	U	DUF221 domain protein	MHS440	fungi_OG
3NW26|Fungi	782	597.4170734740851	Z	actin-bundling protein	MHS440	fungi_OG
3NW27|Fungi	245	343.78666509129465	O	Cytochrome c oxidase assembly protein	MHS440	fungi_OG
3NW2C|Fungi	205	299.26739926739924	Z	Positively regulates the activity of the minus-end directed microtubule motor protein dynein. May enhance dynein- mediated microtubule sliding by targeting dynein to the microtubule plus end. Required for nuclear migration during vegetative growth as well as development. Required for retrograde early endosome (EE) transport from the hyphal tip. Required for localization of dynein to the mitotic spindle poles. Recruits additional proteins to the dynein complex at SPBs	MHS440	fungi_OG
3NW2E|Fungi	654	940.5544690325241	C	Catalyzes the hydroxylation of the N(6)-(4-aminobutyl)- L-lysine intermediate to form hypusine, an essential post- translational modification only found in mature eIF-5A factor	MHS440	fungi_OG
3NW2G|Fungi	35215	33065.677798638986	O	Heat Shock Protein	MHS440	fungi_OG
3NW2J|Fungi	4686	7438.076758570885	U	GTP-binding protein involved in nucleocytoplasmic transport. Required for the import of protein into the nucleus and also for RNA export. Involved in chromatin condensation and control of cell cycle	MHS440	fungi_OG
3NW2K|Fungi	567	993.1388929821584	F	Belongs to the OMP decarboxylase family	MHS440	fungi_OG
3NW2M|Fungi	532	230.29608026948335	D	cytosolic regulator pianissimo	MHS440	fungi_OG
3NW2N|Fungi	57	136.81552101837732	G	glycoside hydrolase family 55 protein	MHS440	fungi_OG
3NW2P|Fungi	631	701.0514197395238	J	ribosomal protein	MHS440	fungi_OG
3NW2R|Fungi	752	621.000614695385	TU	domain-containing protein	MHS440	fungi_OG
3NW2S|Fungi	1893	2179.92834139694	Q	Belongs to the short-chain dehydrogenases reductases (SDR) family	MHS440	fungi_OG
3NW2T|Fungi	4189	3457.3453574973137	U	The coatomer is a cytosolic protein complex that binds to dilysine motifs and reversibly associates with Golgi non- clathrin-coated vesicles, which further mediate biosynthetic protein transport from the ER, via the Golgi up to the trans Golgi network. Coatomer complex is required for budding from Golgi membranes, and is essential for the retrograde Golgi-to-ER transport of dilysine-tagged proteins	MHS440	fungi_OG
3NW2U|Fungi	258	374.1369439929901	Z	Involved in the partitioning of the mitochondrial organelle and mitochondrial DNA (mtDNA) inheritance	MHS440	fungi_OG
3NW2V|Fungi	1657	993.9629097079444	T	camk camkl gin4 protein kinase	MHS440	fungi_OG
3NW2W|Fungi	1675	410.1898909334357	K	tho complex	MHS440	fungi_OG
3NW2Z|Fungi	87	176.03667948480373	OT	Cop9 signalosome subunit 6	MHS440	fungi_OG
3NW30|Fungi	985	434.5440200655319	L	SNF2 family helicase	MHS440	fungi_OG
3NW32|Fungi	1519	1423.3349668141693	G	Belongs to the hexokinase family	MHS440	fungi_OG
3NW34|Fungi	225	483.8779356550056	K	ph-response transcription factor pacc rim101	MHS440	fungi_OG
3NW35|Fungi	5751	11580.86252745598	G	Triose-phosphate isomerase	MHS440	fungi_OG
3NW37|Fungi	324	712.96235634708	S	Belongs to the small GTPase superfamily. Rho family	MHS440	fungi_OG
3NW3A|Fungi	776	730.3466012407683	G	Belongs to the glycosyl hydrolase 18 family	MHS440	fungi_OG
3NW3B|Fungi	576	460.34057700843033	L	Catalytic subunit of the poly(A)-nuclease (PAN) deadenylation complex, one of two cytoplasmic mRNA deadenylases involved in mRNA turnover. PAN specifically shortens poly(A) tails of RNA and the activity is stimulated by poly(A)-binding protein PAB1. PAN deadenylation is followed by rapid degradation of the shortened mRNA tails by the CCR4-NOT complex. Deadenylated mRNAs are then degraded by two alternative mechanisms, namely exosome- mediated 3'-5' exonucleolytic degradation, or deadenlyation- dependent mRNA decaping and subsequent 5'-3' exonucleolytic degradation by XRN1. May also be involved in post-transcriptional maturation of mRNA poly(A) tails	MHS440	fungi_OG
3NW3F|Fungi	781	679.1398165322893	I	Belongs to the diphosphomevalonate decarboxylase family	MHS440	fungi_OG
3NW3J|Fungi	118	139.28970879061248	K	to Saccharomyces cerevisiae REB1 (YBR049C) and YDR026C	MHS440	fungi_OG
3NW3N|Fungi	147	125.26455026455027	U	guanyl-nucleotide exchange factor	MHS440	fungi_OG
3NW3Q|Fungi	5483	5110.80576249436	U	The coatomer is a cytosolic protein complex that binds to dilysine motifs and reversibly associates with Golgi non- clathrin-coated vesicles, which further mediate biosynthetic protein transport from the ER, via the Golgi up to the trans Golgi network	MHS440	fungi_OG
3NW3T|Fungi	321	214	S	HOOK protein	MHS440	fungi_OG
3NW3V|Fungi	562	624.4444444444445	I	phosphatase	MHS440	fungi_OG
3NW3W|Fungi	694	1539.42239765203	G	tetratricopeptide repeat domain-containing protein	MHS440	fungi_OG
3NW3X|Fungi	981	1486.952863713651	DO	Metacaspase	MHS440	fungi_OG
3NW3Y|Fungi	334	351.8359914192459	O	cyclin-dependent protein kinase complex component	MHS440	fungi_OG
3NW40|Fungi	1000	957.8993246962402	P	Belongs to the major facilitator superfamily. Sugar transporter (TC 2.A.1.1) family	MHS440	fungi_OG
3NW41|Fungi	364	464.37635785410123	A	RNA helicase	MHS440	fungi_OG
3NW43|Fungi	338	107.19949254678085	L	DNA Binding protein	MHS440	fungi_OG
3NW46|Fungi	2564	3554.2795533733483	S	Serine hydrolase involved in the detoxification of formaldehyde	MHS440	fungi_OG
3NW49|Fungi	13765	19034.8926048633	E	Methyltransferase	MHS440	fungi_OG
3NW4B|Fungi	403	995.0633305460226	K	Small GTPase required for proper nuclear import of RNA polymerase II and III (RNAPII and RNAPIII). May act at an RNAP assembly step prior to nuclear import	MHS440	fungi_OG
3NW4C|Fungi	194	99.18200408997956	D	20S cyclosome subunit (BimA Nuc2 Cdc27)	MHS440	fungi_OG
3NW4G|Fungi	445	303.3925287691517	I	Protein required for hyphal anastomosis	MHS440	fungi_OG
3NW4N|Fungi	28352	37233.91616248652	E	Belongs to the aldehyde dehydrogenase family	MHS440	fungi_OG
3NW4Q|Fungi	1352	987.6779450048372	U	import inner membrane translocase subunit TIM50	MHS440	fungi_OG
3NW4R|Fungi	797	741.8250974716136	BD	Regulatory subunit of the condensin complex, a complex required for conversion of interphase chromatin into mitotic-like condense chromosomes	MHS440	fungi_OG
3NW4U|Fungi	570	1111.4056156312377	L	Has a dual role in the assembly of mitochondrial ATPase	MHS440	fungi_OG
3NW4Y|Fungi	1758	1926.496157489587	E	Cysteine synthase	MHS440	fungi_OG
3NW4Z|Fungi	2331	2449.613298596728	A	Belongs to the DEAD box helicase family	MHS440	fungi_OG
3NW50|Fungi	1024	471.4548802946593	S	RhoGEF domain	MHS440	fungi_OG
3NW51|Fungi	3123	3924.427207862807	E	belongs to the acetylglutamate kinase family	MHS440	fungi_OG
3NW54|Fungi	295	252.65774575459733	L	Single-stranded DNA-dependent ATP-dependent helicase. Involved in non-homologous end joining (NHEJ) DNA double strand break repair. DNA-binding is sequence-independent but has a high affinity to nicks in double-stranded DNA and to the ends of duplex DNA. Binds to naturally occurring chromosomal ends, and therefore provides chromosomal end protection. Required also for telomere recombination to repair telomeric ends in the absence of telomerase. KU70, of the KU70 KU80 heterodimer, binds to the stem loop of TLC1, the RNA component of telomerase. Involved in telomere maintenance. Interacts with telomeric repeats and subtelomeric sequences thereby controlling telomere length and protecting against subtelomeric rearrangement. Maintains telomeric chromatin, which is involved in silencing the expression of genes located at the telomere. Required for mating-type switching (By similarity)	MHS440	fungi_OG
3NW55|Fungi	246	249.40796462404973	L	rna methylase	MHS440	fungi_OG
3NW56|Fungi	4940	3099.646698316854	I	RNA binding effector protein Scp160	MHS440	fungi_OG
3NW5A|Fungi	464	209.55308352849335	L	DNA repair protein	MHS440	fungi_OG
3NW5C|Fungi	694	998.1327464091557	O	proteasome subunit alpha	MHS440	fungi_OG
3NW5H|Fungi	5407	8252.718226872721	E	Belongs to the peroxidase family	MHS440	fungi_OG
3NW5J|Fungi	1773	2508.6559347589823	O	Belongs to the peptidase A1 family	MHS440	fungi_OG
3NW5K|Fungi	138	179.35860493663654	I	Squalene/phytoene synthase	MHS440	fungi_OG
3NW5N|Fungi	350	342.82494473030715	T	serine threonine protein kinase	MHS440	fungi_OG
3NW5Q|Fungi	3217	4946.211671850971	S	Belongs to the sodium solute symporter (SSF) (TC 2.A.21) family	MHS440	fungi_OG
3NW5R|Fungi	137	187.86946936826882	Z	DUF292-domain-containing protein	MHS440	fungi_OG
3NW5S|Fungi	159	237.17567835214894	C	Belongs to the mitochondrial carrier (TC 2.A.29) family	MHS440	fungi_OG
3NW5U|Fungi	391	671.8779580353184	S	Kelch repeats protein	MHS440	fungi_OG
3NW5V|Fungi	4334	4176.036686628596	Q	Flavin-binding monooxygenase-like family protein	MHS440	fungi_OG
3NW5W|Fungi	381	514.497698931686	Z	to Saccharomyces cerevisiae MDM20 (YOL076W)	MHS440	fungi_OG
3NW5X|Fungi	650	240.90821812596005	S	Chromosome segregation protein	MHS440	fungi_OG
3NW5Z|Fungi	8739	9896.10461696805	C	Belongs to the complex I 75 kDa subunit family	MHS440	fungi_OG
3NW60|Fungi	2357	2241.9342963729564	O	assists the folding of proteins upon ATP hydrolysis	MHS440	fungi_OG
3NW61|Fungi	2059	2726.5200442901673	G	Belongs to the GPI family	MHS440	fungi_OG
3NW62|Fungi	2739	3303.2884139590496	I	SEC14 cytosolic factor	MHS440	fungi_OG
3NW63|Fungi	1397	2538.199218743814	Z	Belongs to the actin family	MHS440	fungi_OG
3NW66|Fungi	187	411.95683615670174	A	Peptidyl-prolyl cis-trans	MHS440	fungi_OG
3NW68|Fungi	288	307.7017499887533	P	transporter	MHS440	fungi_OG
3NW69|Fungi	5851	9954.823174745017	J	Hydrolyzes ATP, and can also hydrolyze GTP with lower efficiency. Has lower affinity for GTP	MHS440	fungi_OG
3NW6C|Fungi	96	76.73860911270984	O	PPIases accelerate the folding of proteins. It catalyzes the cis-trans isomerization of proline imidic peptide bonds in oligopeptides	MHS440	fungi_OG
3NW6D|Fungi	1203	1353.1164536891226	G	Adds the first Dol-P-Man derived mannose in an alpha-1,3 linkage to Man(5)GlcNAc(2)-PP-Dol	MHS440	fungi_OG
3NW6E|Fungi	308	503.7516177364296	O	Mitochondrial peroxiredoxin prx1	MHS440	fungi_OG
3NW6F|Fungi	380	270.2929399513571	L	Forms a fork protection complex (FPC) with csm3 and which is required for chromosome segregation during meiosis and DNA damage repair. FPC coordinates leading and lagging strand synthesis and moves with the replication fork. FPC stabilizes replication forks in a configuration that is recognized by replication checkpoint sensors (By similarity)	MHS440	fungi_OG
3NW6I|Fungi	1219	431.56577674941906	DT	Gtpase activating protein	MHS440	fungi_OG
3NW6J|Fungi	758	735.8977255357987	K	Transcription initiation factor TFIID	MHS440	fungi_OG
3NW6K|Fungi	5132	5885.357883833312	G	Belongs to the glycosyl hydrolase 5 (cellulase A) family	MHS440	fungi_OG
3NW6M|Fungi	240	209.9737532808399	Z	Dynactin subunit	MHS440	fungi_OG
3NW6Q|Fungi	256	313.47329052428387	T	Phosphatidylinositol-4-phosphate 5-kinase	MHS440	fungi_OG
3NW6T|Fungi	306	272.04198943612664	L	CELL division control protein	MHS440	fungi_OG
3NW70|Fungi	361	648.8987937908943	L	BRCA2, oligonucleotide/oligosaccharide-binding, domain 1	MHS440	fungi_OG
3NW71|Fungi	528	764.8758719970783	J	Belongs to the eIF-2B alpha beta delta subunits family	MHS440	fungi_OG
3NW72|Fungi	421	348.86264958170074	A	Leucine Rich repeat	MHS440	fungi_OG
3NW73|Fungi	1305	2359.639667007111	G	Inositol-1-monophosphatase	MHS440	fungi_OG
3NW74|Fungi	257	270.49060463320507	S	Vacuolar segregation protein	MHS440	fungi_OG
3NW78|Fungi	5923	3964.664535267414	K	DNA-dependent RNA polymerase catalyzes the transcription of DNA into RNA using the four ribonucleoside triphosphates as substrates	MHS440	fungi_OG
3NW7C|Fungi	562	769.0623256909654	E	Catalyzes the NADPH-dependent reduction of ketopantoate into pantoic acid	MHS440	fungi_OG
3NW7D|Fungi	361	360.9028823971169	F	Belongs to the uridine kinase family	MHS440	fungi_OG
3NW7E|Fungi	769	556.73898275275	A	Belongs to the DEAD box helicase family	MHS440	fungi_OG
3NW7F|Fungi	1235	3044.8499669155353	G	glycoside hydrolase family 16 protein	MHS440	fungi_OG
3NW7H|Fungi	3509	1162.3905447286315	UY	nucleoporin	MHS440	fungi_OG
3NW7M|Fungi	56	113.13131313131314	P	zinc ion binding protein	MHS440	fungi_OG
3NW7N|Fungi	45	114.60799949010767	A	g-patch dna repair protein	MHS440	fungi_OG
3NW7P|Fungi	5697	3431.8641264349812	U	Component of the coat protein complex II (COPII) which promotes the formation of transport vesicles from the endoplasmic reticulum (ER). The coat has two main functions, the physical deformation of the endoplasmic reticulum membrane into vesicles and the selection of cargo molecules (By similarity)	MHS440	fungi_OG
3NW7Q|Fungi	1055	1558.740659952434	ATY	Ran gtpase activating protein 1	MHS440	fungi_OG
3NW7V|Fungi	238	374.24958772312243	L	Sister chromatid cohesion protein	MHS440	fungi_OG
3NW7W|Fungi	926	2255.195573853976	S	Orm1 type endoplasmic reticulum protein	MHS440	fungi_OG
3NW7X|Fungi	840	636.7073705549857	IQ	Gtpase activating protein	MHS440	fungi_OG
3NW7Z|Fungi	16	46.783625730994146	E	Nitrilase	MHS440	fungi_OG
3NW80|Fungi	206	384.94984346048176	L	May play an essential role at the early stage of chromosomal DNA replication by coupling the polymerase alpha primase complex to the cellular replication machinery	MHS440	fungi_OG
3NW82|Fungi	3214	2648.0704475371404	Q	ATP-binding cassette	MHS440	fungi_OG
3NW84|Fungi	356	527.3073989321128	J	diphthine synthase	MHS440	fungi_OG
3NW85|Fungi	25522	27304.037673046554	F	Carbamoylphosphate	MHS440	fungi_OG
3NW87|Fungi	1639	2349.7415997056637	J	Binds to the 60S ribosomal subunit and prevents its association with the 40S ribosomal subunit to form the 80S initiation complex in the cytoplasm. Is also involved in ribosome biogenesis. Associates with pre-60S subunits in the nucleus and is involved in its nuclear export	MHS440	fungi_OG
3NW8A|Fungi	11	21.56862745098039	S	pH-response regulator protein palC	MHS440	fungi_OG
3NW8D|Fungi	613	1041.8756876004647	U	Essential component of the TIM23 complex, a complex that mediates the translocation of transit peptide-containing proteins across the mitochondrial inner membrane	MHS440	fungi_OG
3NW8H|Fungi	428	299.30420728312805	O	aaa family atpase	MHS440	fungi_OG
3NW8I|Fungi	4665	5982.111978268626	O	Mitochondrial protein import protein (MAS5)	MHS440	fungi_OG
3NW8J|Fungi	8808	12788.283500905496	C	Catalyzes a 2-step reaction, involving the ATP-dependent carboxylation of the covalently attached biotin in the first step and the transfer of the carboxyl group to pyruvate in the second	MHS440	fungi_OG
3NW8K|Fungi	548	811.3473612031503	M	glycosyltransferase family 4 protein	MHS440	fungi_OG
3NW8M|Fungi	906	1510.5944645484005	O	Prohibitin	MHS440	fungi_OG
3NW8P|Fungi	425	597.8206776888318	E	Required for the formation of N(7)-methylguanine at position 46 (m7G46) in tRNA. In the complex, it is required to stabilize and induce conformational changes of the catalytic subunit	MHS440	fungi_OG
3NW8Q|Fungi	2138	3123.2707829721753	J	component of the eukaryotic translation initiation factor 3 (eIF-3) complex, which is involved in protein synthesis of a specialized repertoire of mRNAs and, together with other initiation factors, stimulates binding of mRNA and methionyl-tRNAi to the 40S ribosome. The eIF-3 complex specifically targets and initiates translation of a subset of mRNAs involved in cell proliferation	MHS440	fungi_OG
3NW8T|Fungi	212	268.70243851805424	A	deaminase subunit	MHS440	fungi_OG
3NW8X|Fungi	439	417.44327967104033	T	Phosphatidylinositol 4-kinase	MHS440	fungi_OG
3NW8Z|Fungi	485	502.1980047903909	O	Belongs to the AAA ATPase family	MHS440	fungi_OG
3NW91|Fungi	322	625.6792036625241	J	Exosome complex	MHS440	fungi_OG
3NW94|Fungi	510	1055.537168361688	E	Belongs to the D-isomer specific 2-hydroxyacid dehydrogenase family	MHS440	fungi_OG
3NW97|Fungi	3068	3162.1197536020045	O	DNAJ heat shock family protein	MHS440	fungi_OG
3NW98|Fungi	61554	48093.03615084768	J	Elongation factor 2	MHS440	fungi_OG
3NW99|Fungi	1368	2253.836560053149	DTZ	Hydroxyacylglutathione hydrolase	MHS440	fungi_OG
3NW9A|Fungi	384	627.7502523167263	T	Phospholipase c	MHS440	fungi_OG
3NW9B|Fungi	2016	2922.917422598249	E	homoserine dehydrogenase	MHS440	fungi_OG
3NW9F|Fungi	123	63.07692307692308	T	Gtpase-activating protein gyp7	MHS440	fungi_OG
3NW9H|Fungi	39	130.47786485739167	U	Belongs to the adaptor complexes small subunit family	MHS440	fungi_OG
3NW9J|Fungi	105	238.67499832023117	S	F-box and WD40 domain protein	MHS440	fungi_OG
3NW9P|Fungi	571	659.1072987078021	O	dipeptidylpeptidase	MHS440	fungi_OG
3NW9R|Fungi	927	927.9160247061051	E	Choline oxidase	MHS440	fungi_OG
3NW9T|Fungi	292	460.42676982550597	CH	Belongs to the flavoprotein pyridine nucleotide cytochrome reductase family	MHS440	fungi_OG
3NW9U|Fungi	311	486.25009188896763	L	DNA ligase	MHS440	fungi_OG
3NW9W|Fungi	1656	2929.931433799506	Q	Belongs to the cytochrome P450 family	MHS440	fungi_OG
3NW9X|Fungi	179	521.1382634114505	F	Catalyzes the synthesis of activated sulfate	MHS440	fungi_OG
3NWA0|Fungi	105	197.47899159663865	K	RNA polymerase	MHS440	fungi_OG
3NWA8|Fungi	1596	782.1358444110008	KL	SNF2 family helicase	MHS440	fungi_OG
3NWA9|Fungi	244	305.6672648821663	T	Camk camkl pask protein kinase	MHS440	fungi_OG
3NWAB|Fungi	847	1036.7157527294037	E	Serine palmitoyltransferase	MHS440	fungi_OG
3NWAD|Fungi	3443	2573.658171828896	O	Belongs to the peptidase C19 family	MHS440	fungi_OG
3NWAF|Fungi	49	122.80701754385964	D	Methyltransferase	MHS440	fungi_OG
3NWAG|Fungi	17336	25922.62824989086	C	Malate dehydrogenase	MHS440	fungi_OG
3NWAM|Fungi	2164	3486.474614799054	S	domain-containing protein	MHS440	fungi_OG
3NWAP|Fungi	414	458.84714623711596	S	DUF1716 domain protein	MHS440	fungi_OG
3NWAQ|Fungi	3715	2613.260163404603	J	prolyl-tRNA synthetase	MHS440	fungi_OG
3NWAR|Fungi	150	123.45679012345678	S	F-Box protein	MHS440	fungi_OG
3NWAT|Fungi	130	189.67877436311818	U	SNARE required for protein transport between the ER and the Golgi complex	MHS440	fungi_OG
3NWAW|Fungi	9297	4880.412705054374	A	helicase	MHS440	fungi_OG
3NWAX|Fungi	363	401.1824150957649	J	Exosome complex exonuclease rrp4	MHS440	fungi_OG
3NWAZ|Fungi	232	517.7000066150532	U	Belongs to the small GTPase superfamily. Arf family	MHS440	fungi_OG
3NWB0|Fungi	1637	1557.4524971377498	Z	spindle pole body component	MHS440	fungi_OG
3NWB2|Fungi	33	75.34246575342466	S	Receptor	MHS440	fungi_OG
3NWB3|Fungi	1490	2058.9257339623764	O	Cytochrome c oxidase assembly protein	MHS440	fungi_OG
3NWB5|Fungi	9542	7897.852971760816	U	Clathrin is the major protein of the polyhedral coat of coated pits and vesicles	MHS440	fungi_OG
3NWB7|Fungi	8977	15281.294460791194	J	Belongs to the eukaryotic ribosomal protein eS8 family	MHS440	fungi_OG
3NWB8|Fungi	848	664.7307876938845	E	Belongs to the peptidase M18 family	MHS440	fungi_OG
3NWB9|Fungi	665	1086.3194808692406	B	Component of the FACT complex, a general chromatin factor that acts to reorganize nucleosomes. The FACT complex is involved in multiple processes that require DNA as a template such as mRNA elongation, DNA replication and DNA repair. During transcription elongation the FACT complex acts as a histone chaperone that both destabilizes and restores nucleosomal structure. It facilitates the passage of RNA polymerase II and transcription by promoting the dissociation of one histone H2A-H2B dimer from the nucleosome, then subsequently promotes the reestablishment of the nucleosome following the passage of RNA polymerase II	MHS440	fungi_OG
3NWBC|Fungi	411	252.30202578268876	S	Wd repeat protein	MHS440	fungi_OG
3NWBH|Fungi	1288	793.1133506088655	J	3'-5'-exoribonuclease that specifically recognizes RNAs polyuridylated at their 3' end and mediates their degradation. Component of an exosome-independent RNA degradation pathway that mediates degradation of cytoplasmic mRNAs that have been deadenylated and subsequently uridylated at their 3'	MHS440	fungi_OG
3NWBJ|Fungi	540	880.2647300769809	D	Spindle assembly checkpoint component mad1	MHS440	fungi_OG
3NWBN|Fungi	3201	2938.8575148798664	D	phosphatase-associated protein	MHS440	fungi_OG
3NWBP|Fungi	1720	1232.422492314095	S	Proteasome activator subunit 4	MHS440	fungi_OG
3NWBQ|Fungi	237	642.8565707983522	U	Vesicle transport V-snare protein	MHS440	fungi_OG
3NWBR|Fungi	914	1029.141867113027	S	Duf1682 domain protein	MHS440	fungi_OG
3NWBS|Fungi	1725	1291.6046003202885	K	Transcription initiation factor TFIID	MHS440	fungi_OG
3NWBT|Fungi	814	1144.1441284720854	C	Vacuolar ATPase is responsible for acidifying a variety of intracellular compartments in eukaryotic cells. The active enzyme consists of a catalytic V1 domain attached to an integral membrane V0 proton pore complex. This subunit is a non-integral membrane component of the membrane pore domain and is required for proper assembly of the V0 sector. Might be involved in the regulated assembly of V1 subunits onto the membrane sector or alternatively may prevent the passage of protons through V0 pores	MHS440	fungi_OG
3NWBX|Fungi	2156	1082.6771261863453	S	Duf1212 domain membrane protein	MHS440	fungi_OG
3NWBZ|Fungi	94	53.74499714122355	S	Spindle pole body interacting protein	MHS440	fungi_OG
3NWC1|Fungi	220	278.4313400286571	J	Allows the formation of correctly charged Gln-tRNA(Gln) through the transamidation of misacylated Glu-tRNA(Gln) in the mitochondria. The reaction takes place in the presence of glutamine and ATP through an activated gamma-phospho-Glu- tRNA(Gln)	MHS440	fungi_OG
3NWC2|Fungi	9914	5158.429295281127	O	ubiquitin--protein ligase	MHS440	fungi_OG
3NWC7|Fungi	14351	33530.80284284354	Z	Belongs to the actin family	MHS440	fungi_OG
3NWCC|Fungi	288	302.4955516308482	L	replication factor c	MHS440	fungi_OG
3NWCF|Fungi	416	316.06501348175016	L	Belongs to the CDC6 cdc18 family	MHS440	fungi_OG
3NWCH|Fungi	1146	854.6960865846366	K	Transcription initiation factor TFIID	MHS440	fungi_OG
3NWCM|Fungi	2966	2093.6016629006463	I	Protein of unknown function (DUF3419)	MHS440	fungi_OG
3NWCU|Fungi	2757	4350.120932132988	S	RTA1 like protein	MHS440	fungi_OG
3NWD0|Fungi	913	825.1655930323429	G	Fggy-family carbohydrate kinase	MHS440	fungi_OG
3NWD2|Fungi	426	656.3252645226845	O	factor cwc24	MHS440	fungi_OG
3NWD3|Fungi	1652	1686.4201287707492	UY	Importin beta-2 subunit	MHS440	fungi_OG
3NWD9|Fungi	2843	5169.332107981732	F	Plays an important role in the de novo pathway and in the salvage pathway of purine nucleotide biosynthesis. Catalyzes the first commited step in the biosynthesis of AMP from IMP	MHS440	fungi_OG
3NWDD|Fungi	117	179.13118719395882	TZ	GTPase-activating protein	MHS440	fungi_OG
3NWDF|Fungi	674	1139.722321118527	A	polyadenylation factor	MHS440	fungi_OG
3NWDG|Fungi	3449	2933.2800636265524	G	UTP-glucose-1-phosphate uridylyltransferase	MHS440	fungi_OG
3NWDJ|Fungi	2445	3216.998702660475	T	GTP-binding protein	MHS440	fungi_OG
3NWDK|Fungi	689	476.6733233200052	J	Belongs to the class-I aminoacyl-tRNA synthetase family	MHS440	fungi_OG
3NWDM|Fungi	79	93.17039696147752	E	Aldolase	MHS440	fungi_OG
3NWDN|Fungi	129	741.3793103448277	E	Belongs to the GMC oxidoreductase family	MHS440	fungi_OG
3NWDV|Fungi	366	310.5855762284645	D	sister chromatid cohesion	MHS440	fungi_OG
3NWDX|Fungi	1495	1402.1474537959302	E	Belongs to the AlaDH PNT family	MHS440	fungi_OG
3NWDY|Fungi	786	930.6135962795796	D	Structural maintenance of chromosomes protein	MHS440	fungi_OG
3NWE1|Fungi	1246	1573.3286341099217	EJ	(ABC) transporter	MHS440	fungi_OG
3NWE4|Fungi	3108	2987.227764818359	F	Provides the precursors necessary for DNA synthesis. Catalyzes the biosynthesis of deoxyribonucleotides from the corresponding ribonucleotides	MHS440	fungi_OG
3NWE5|Fungi	789	1140.1380419093264	O	proteasome subunit alpha	MHS440	fungi_OG
3NWE6|Fungi	291	117.00844390832327	A	atp-dependent dna helicase	MHS440	fungi_OG
3NWE7|Fungi	449	187.14467628124538	DZ	dynactin	MHS440	fungi_OG
3NWEC|Fungi	385	672.8311848249821	F	thiamin pyrophosphokinase-related protein	MHS440	fungi_OG
3NWED|Fungi	262	360.69249322670447	Z	intermediate chain	MHS440	fungi_OG
3NWEE|Fungi	161	176.53508771929825	L	tyrosyl-DNA phosphodiesterase	MHS440	fungi_OG
3NWEG|Fungi	560	685.6667221846989	A	kh domain-containing protein	MHS440	fungi_OG
3NWEN|Fungi	1036	811.6601118487424	E	Cystathionine gamma-synthase	MHS440	fungi_OG
3NWEP|Fungi	1920	3061.669686859153	T	Protein phosphatase pp2a regulatory subunit B	MHS440	fungi_OG
3NWER|Fungi	1439	1999.6675580628462	S	small nucleolar ribonucleoprotein complex subunit Utp14	MHS440	fungi_OG
3NWES|Fungi	77	97.51581823410986	G	methyltransferase	MHS440	fungi_OG
3NWET|Fungi	1648	1777.9941130489178	F	phosphoribosylaminoimidazole carboxylase	MHS440	fungi_OG
3NWEU|Fungi	514	664.3398827121547	F	nucleoside hydrolase	MHS440	fungi_OG
3NWF4|Fungi	5086	4207.084626662912	O	Belongs to the peptidase S10 family	MHS440	fungi_OG
3NWF6|Fungi	1597	323.2292358803987	S	involucrin repeat protein	MHS440	fungi_OG
3NWF7|Fungi	488	485.3481811414696	O	activating enzyme	MHS440	fungi_OG
3NWF8|Fungi	540	1387.501007162609	O	Proteasome subunit beta	MHS440	fungi_OG
3NWF9|Fungi	418	174.60317460317458	F	Hd domain-containing protein	MHS440	fungi_OG
3NWFB|Fungi	6	25	S	ABC-type nitrate sulfonate bicarbonate transport systems periplasmic components-like protein	MHS440	fungi_OG
3NWFC|Fungi	15568	31360.069584840217	J	Belongs to the universal ribosomal protein uS5 family	MHS440	fungi_OG
3NWFE|Fungi	1859	1380.992140018376	K	transcription initiation factor TFIID	MHS440	fungi_OG
3NWFG|Fungi	858	1513.8323375307177	U	Chitin synthase export chaperone	MHS440	fungi_OG
3NWFH|Fungi	534	218.3832297746815	O	cofactor D	MHS440	fungi_OG
3NWFI|Fungi	457	751.839593157319	K	RNA polymerase II	MHS440	fungi_OG
3NWFJ|Fungi	2807	1842.8676220138123	O	Belongs to the ClpA ClpB family	MHS440	fungi_OG
3NWFK|Fungi	1029	828.228731827375	S	intracellular protein transport protein	MHS440	fungi_OG
3NWFP|Fungi	3368	6856.4368796491	O	RING finger protein	MHS440	fungi_OG
3NWFT|Fungi	500	298.97103402624333	Q	transporter	MHS440	fungi_OG
3NWFU|Fungi	6597	11855.4866013728	O	Belongs to the peptidase C19 family	MHS440	fungi_OG
3NWFV|Fungi	880	172.92928786598495	T	to Saccharomyces cerevisiae BEM2 (YER155C)	MHS440	fungi_OG
3NWFX|Fungi	991	587.5135288212061	DO	WD repeat-containing protein slp1	MHS440	fungi_OG
3NWG1|Fungi	182	280.5555555555556	S	IMPACT family	MHS440	fungi_OG
3NWG4|Fungi	528	531.9511873880688	U	Component of the exocyst complex involved in the docking of exocytic vesicles with fusion sites on the plasma membrane	MHS440	fungi_OG
3NWGD|Fungi	152	170.60879092703888	U	Duf803 domain membrane protein	MHS440	fungi_OG
3NWGH|Fungi	454	471.7734167422986	S	splicing factor	MHS440	fungi_OG
3NWGM|Fungi	268	362.0483664977547	C	Belongs to the mitochondrial carrier (TC 2.A.29) family	MHS440	fungi_OG
3NWGN|Fungi	635	510.6146825093057	U	exocyst complex component sec3	MHS440	fungi_OG
3NWGS|Fungi	578	1260.8355370619022	P	Belongs to the V-ATPase proteolipid subunit family	MHS440	fungi_OG
3NWGW|Fungi	3726	3459.3407306464524	P	Essential component of the vacuolar proton pump (V- ATPase), a multimeric enzyme that catalyzes the translocation of protons across the membranes. Required for assembly and activity of the V-ATPase	MHS440	fungi_OG
3NWGY|Fungi	979	713.7982146199048	H	Pantothenate kinase	MHS440	fungi_OG
3NWH2|Fungi	364	337.35908039282725	TU	Belongs to the PI3 PI4-kinase family	MHS440	fungi_OG
3NWH3|Fungi	368	588.7764652561505	S	gpi transamidase	MHS440	fungi_OG
3NWH6|Fungi	841	711.4784983654102	K	DEAD-box RNA helicase-like protein required for pre-18S rRNA processing, specifically at sites A0, A1, and A2	MHS440	fungi_OG
3NWH8|Fungi	8077	13152.53741883817	I	polyketide synthase	MHS440	fungi_OG
3NWH9|Fungi	2113	2311.103576046481	G	Catalyzes the rate-limiting step of the oxidative pentose-phosphate pathway, which represents a route for the dissimilation of carbohydrates besides glycolysis	MHS440	fungi_OG
3NWHC|Fungi	335	829.7608294680346	G	Phosphatidyl synthase	MHS440	fungi_OG
3NWHD|Fungi	1449	1397.6993118121889	H	Catalyzes the radical-mediated insertion of two sulfur atoms into the C-6 and C-8 positions of the octanoyl moiety bound to the lipoyl domains of lipoate-dependent enzymes, thereby converting the octanoylated domains into lipoylated derivatives	MHS440	fungi_OG
3NWHK|Fungi	2629	3455.7117203616963	U	The coatomer is a cytosolic protein complex that binds to dilysine motifs and reversibly associates with Golgi non- clathrin-coated vesicles, which further mediate biosynthetic protein transport from the ER, via the Golgi up to the trans Golgi network. Coatomer complex is required for budding from Golgi membranes, and is essential for the retrograde Golgi-to-ER transport of dilysine-tagged proteins	MHS440	fungi_OG
3NWHR|Fungi	67	157.4573072287787	DL	repair protein rad1	MHS440	fungi_OG
3NWHS|Fungi	1010	1167.7727008636812	U	TBC domain protein	MHS440	fungi_OG
3NWHV|Fungi	162	474.02094627073706	L	N-glycosylase dna lyase	MHS440	fungi_OG
3NWHW|Fungi	2517	3406.748377078335	U	protein transport protein sec61	MHS440	fungi_OG
3NWI1|Fungi	225	104.02219140083218	DZ	microtubule associated protein	MHS440	fungi_OG
3NWI3|Fungi	671	1249.2502492182944	L	ATP-dependent DNA helicase important for chromosome transmission and normal cell cycle progression in G(2) M (By similarity). May have a role in changing DNA topology to allow the loading of proteins involved in maintaining sister chromatid cohesion in the vicinity of the centromeres (By similarity). Has a specific role in chromosome segregation during meiosis II (By similarity)	MHS440	fungi_OG
3NWI5|Fungi	802	701.3099363913717	A	U1 snrnp-associated protein	MHS440	fungi_OG
3NWI7|Fungi	293	436.9639889904151	A	RNA binding protein Nrd1	MHS440	fungi_OG
3NWI9|Fungi	2964	4686.1636495164175	E	argininosuccinate synthase	MHS440	fungi_OG
3NWIA|Fungi	854	1932.1005760706848	U	peroxisomal biogenesis factor	MHS440	fungi_OG
3NWID|Fungi	85	69.78653530377669	J	pumilio-family rna binding repeat protein	MHS440	fungi_OG
3NWIH|Fungi	9567	9526.847537762667	O	Belongs to the AAA ATPase family	MHS440	fungi_OG
3NWIJ|Fungi	1886	520.263912726772	TU	beige BEACH domain-containing protein	MHS440	fungi_OG
3NWIM|Fungi	1902	1605.7036321508442	G	Essential subunit of the N-oligosaccharyl transferase (OST) complex which catalyzes the transfer of a high mannose oligosaccharide from a lipid-linked oligosaccharide donor to an asparagine residue within an Asn-X-Ser Thr consensus motif in nascent polypeptide chains	MHS440	fungi_OG
3NWIP|Fungi	603	334.36541243344794	Z	spindle pole body component	MHS440	fungi_OG
3NWIQ|Fungi	44401	35803.1009987966	EJ	elongation factor 3	MHS440	fungi_OG
3NWIS|Fungi	572	603.1658813905176	J	RNA-binding protein	MHS440	fungi_OG
3NWIV|Fungi	2	8.771929824561402	S	THUMP domain protein	MHS440	fungi_OG
3NWIY|Fungi	228	302.42373218304743	O	Belongs to the peptidase C19 family	MHS440	fungi_OG
3NWJ1|Fungi	965	1031.202242753777	A	Belongs to the DEAD box helicase family	MHS440	fungi_OG
3NWJ5|Fungi	579	937.0640832390679	S	c2h2 zinc finger protein	MHS440	fungi_OG
3NWJ6|Fungi	656	537.7562491937019	Z	Belongs to the TRAFAC class myosin-kinesin ATPase superfamily. Kinesin family	MHS440	fungi_OG
3NWJ7|Fungi	503	786.1669674223782	I	polyketide synthase	MHS440	fungi_OG
3NWJA|Fungi	1906	2199.871095781801	S	Small glutamine-rich tetratricopeptide repeat-containing protein	MHS440	fungi_OG
3NWJF|Fungi	1203	1017.5439462337738	E	endothelin-converting enzyme	MHS440	fungi_OG
3NWJI|Fungi	1152	1823.2533841646461	E	Amino acid permease	MHS440	fungi_OG
3NWJJ|Fungi	364	411.2108577001742	L	replication factor c subunit 1	MHS440	fungi_OG
3NWJM|Fungi	557	801.5439283232713	U	sphingosine n-acyltransferase lac1	MHS440	fungi_OG
3NWJP|Fungi	1369	1883.4165230982867	E	Homo-isocitrate dehydrogenase	MHS440	fungi_OG
3NWJQ|Fungi	481	622.5875154780814	O	proteasome regulatory	MHS440	fungi_OG
3NWJU|Fungi	381	1012.568149367055	BK	SIR2 family	MHS440	fungi_OG
3NWK4|Fungi	529	1277.6981826861825	T	Calcium sensor	MHS440	fungi_OG
3NWK6|Fungi	5081	6484.560164155236	E	acyl-CoA dehydrogenase	MHS440	fungi_OG
3NWKD|Fungi	2085	3608.3113015201297	L	excision repair protein	MHS440	fungi_OG
3NWKE|Fungi	394	841.6904137846758	M	glutamine amidotransferase	MHS440	fungi_OG
3NWKG|Fungi	224	373.7212426316796	O	Cell differentiation protein rcd1	MHS440	fungi_OG
3NWKM|Fungi	221	191.8402777777778	I	3-keto-steroid reductase	MHS440	fungi_OG
3NWKN|Fungi	129	102.14973146495501	L	DNA primase is the polymerase that synthesizes small RNA primers for the Okazaki fragments made during discontinuous DNA replication	MHS440	fungi_OG
3NWKP|Fungi	673	1085.5718342898078	U	GTP-binding protein	MHS440	fungi_OG
3NWKQ|Fungi	1272	1289.366157116928	U	Gdp-mannose transporter	MHS440	fungi_OG
3NWKT|Fungi	1148	2427.0010784735896	DKT	Belongs to the protein kinase superfamily	MHS440	fungi_OG
3NWKV|Fungi	19	70.7017543859649	E	Beta-alanine synthase	MHS440	fungi_OG
3NWKW|Fungi	3382	5404.98553030973	C	Catalyzes the NAD( )-dependent oxidation of formate to carbon dioxide. Formate oxidation is the final step in the methanol oxidation pathway in methylotrophic microorganisms. Has a role in the detoxification of exogenous formate in non- methylotrophic organisms	MHS440	fungi_OG
3NWKX|Fungi	418	273.4773669720366	T	serine threonine protein kinase	MHS440	fungi_OG
3NWM1|Fungi	200	224.40240428045308	Q	Belongs to the FMO family	MHS440	fungi_OG
3NWM3|Fungi	465	1213.5451485750114	O	Proteasome	MHS440	fungi_OG
3NWM6|Fungi	13958	14295.9546929054	C	Flavoprotein (FP) subunit of succinate dehydrogenase (SDH) that is involved in complex II of the mitochondrial electron transport chain and is responsible for transferring electrons from succinate to ubiquinone (coenzyme Q)	MHS440	fungi_OG
3NWMA|Fungi	359	267.11309523809524	L	Ribosome biogenesis protein	MHS440	fungi_OG
3NWMB|Fungi	280	334.7297857709764	U	Duf803 domain membrane protein	MHS440	fungi_OG
3NWMC|Fungi	888	633.1751533408341	U	Mitochondrial export translocase Oxa1	MHS440	fungi_OG
3NWMD|Fungi	164	133.15229235574418	EH	Alpha beta hydrolase	MHS440	fungi_OG
3NWME|Fungi	930	1417.8385934215246	Y	nucleoporin nsp1	MHS440	fungi_OG
3NWMG|Fungi	301	293.7527617442649	Z	spindle pole body component	MHS440	fungi_OG
3NWMH|Fungi	1401	974.3176103845052	J	nucleolar complex protein	MHS440	fungi_OG
3NWMI|Fungi	1044	843.4899871400902	O	Disulfide isomerase	MHS440	fungi_OG
3NWMJ|Fungi	2636	2274.6000340662545	S	sphingolipid long chain base-responsive protein	MHS440	fungi_OG
3NWMM|Fungi	1632	1919.865018202955	EI	c-3 sterol dehydrogenase	MHS440	fungi_OG
3NWMN|Fungi	725	556.3799097766778	P	as an adapter protein required to form mitochondrial fission complexes. Formation of these complexes is required to promote constriction and fission of the mitochondrial compartment at a late step in mitochondrial division (By similarity)	MHS440	fungi_OG
3NWMQ|Fungi	677	867.1575639721586	A	Pre-mRNA-splicing factor slu-7	MHS440	fungi_OG
3NWMT|Fungi	47835	47508.51212270883	OT	otu-like cysteine protease	MHS440	fungi_OG
3NWMV|Fungi	612	1370.5181303436998	U	GTP-Binding protein	MHS440	fungi_OG
3NWMW|Fungi	203	228.53555499384154	L	Exonuclease	MHS440	fungi_OG
3NWMY|Fungi	214	387.77628451589834	TZ	actin associated protein wsp1	MHS440	fungi_OG
3NWN1|Fungi	2744	4800.303046081106	P	This magnesium-dependent enzyme catalyzes the hydrolysis of ATP coupled with the transport of calcium	MHS440	fungi_OG
3NWN2|Fungi	705	609.4469669667182	Q	U3 small nucleolar RNA-associated protein	MHS440	fungi_OG
3NWN7|Fungi	570	517.9094613073321	D	Belongs to the cyclin family	MHS440	fungi_OG
3NWNB|Fungi	2154	3651.033660280083	E	Belongs to the aldehyde dehydrogenase family	MHS440	fungi_OG
3NWNR|Fungi	539	562.8192512604224	U	Gtpase activating protein	MHS440	fungi_OG
3NWNT|Fungi	249	83.33333333333333	U	Foie gras liver health family 1	MHS440	fungi_OG
3NWNZ|Fungi	958	455.99573243733823	J	Signal-recognition-particle assembly has a crucial role in targeting secretory proteins to the rough endoplasmic reticulum membrane	MHS440	fungi_OG
3NWP2|Fungi	1142	1579.7321243993506	U	vesicular-fusion protein SEC17	MHS440	fungi_OG
3NWP8|Fungi	236	401.5250544662309	K	Component of the core-TFIIH basal transcription factor involved in nucleotide excision repair (NER) of DNA	MHS440	fungi_OG
3NWPD|Fungi	1914	1669.668213312009	S	MNNG and nitrosoguanidine resistance protein	MHS440	fungi_OG
3NWPE|Fungi	858	1015.4523117825029	E	Methylenetetrahydrofolate reductase	MHS440	fungi_OG
3NWPF|Fungi	7	31.53153153153153	Z	Belongs to the actin family	MHS440	fungi_OG
3NWPI|Fungi	287	401.9382590262965	B	Catalytic component of the histone acetylase B (HAT-B) complex. Has intrinsic substrate specificity that modifies lysine in recognition sequence GXGKXG. Involved in DNA double-strand break repair	MHS440	fungi_OG
3NWPJ|Fungi	2057	4023.1839207331236	T	serine threonine-protein phosphatase	MHS440	fungi_OG
3NWPK|Fungi	237	410.7598256476507	L	DNA damage-inducible protein 1	MHS440	fungi_OG
3NWPQ|Fungi	3011	3624.8222103915896	AJ	Nucleolar protein	MHS440	fungi_OG
3NWPR|Fungi	278	339.0067202394518	G	Belongs to the major facilitator superfamily. Sugar transporter (TC 2.A.1.1) family	MHS440	fungi_OG
3NWPS|Fungi	5326	4387.7373241655505	C	malic enzyme	MHS440	fungi_OG
3NWPW|Fungi	531	1600.731532543806	O	Belongs to the ubiquitin-conjugating enzyme family	MHS440	fungi_OG
3NWPX|Fungi	43	193.00490470126542	G	Glycolipid transfer protein	MHS440	fungi_OG
3NWPZ|Fungi	200	518.8584191401815	S	Belongs to the peroxisomal membrane protein PXMP2 4 family	MHS440	fungi_OG
3NWQ0|Fungi	791	349.32624884885456	K	Myb and hsa	MHS440	fungi_OG
3NWQ6|Fungi	3439	2899.8547516637705	S	DUF1620-domain-containing protein	MHS440	fungi_OG
3NWQ7|Fungi	12131	6802.632014105682	K	DNA-dependent RNA polymerase catalyzes the transcription of DNA into RNA using the four ribonucleoside triphosphates as substrates	MHS440	fungi_OG
3NWQ8|Fungi	438	927.6157499984314	T	bromodomain and phd finger-containing protein	MHS440	fungi_OG
3NWQ9|Fungi	3831	3484.9836684084917	P	Belongs to the cation transport ATPase (P-type) (TC 3.A.3) family. Type IV subfamily	MHS440	fungi_OG
3NWQA|Fungi	491	426.2268700763033	P	Inner membrane magnesium transporter MRS2	MHS440	fungi_OG
3NWQB|Fungi	1139	1138.1043532348347	S	Set domain-containing protein	MHS440	fungi_OG
3NWQC|Fungi	2719	2415.4581210254987	E	The glycine cleavage system catalyzes the degradation of glycine	MHS440	fungi_OG
3NWQD|Fungi	1144	1256.4747128881215	A	Wd domain-containing protein	MHS440	fungi_OG
3NWQE|Fungi	1534	2030.4490584379996	S	zinc finger protein ZPR1	MHS440	fungi_OG
3NWQG|Fungi	1127	757.6251482821963	S	Saccharomyces cerevisiae YGL140C	MHS440	fungi_OG
3NWQJ|Fungi	5331	7895.165153235596	BDLT	Belongs to the PI3 PI4-kinase family	MHS440	fungi_OG
3NWQM|Fungi	936	860.5554664397762	A	Endoribonuclease ysh1	MHS440	fungi_OG
3NWQR|Fungi	1615	558.4785137982069	O	Filament-forming protein	MHS440	fungi_OG
3NWQU|Fungi	123	150.1797235545577	S	Cell morphogenesis protein Sog2	MHS440	fungi_OG
3NWQV|Fungi	292	342.4371369138343	A	U1 small nuclear ribonucleoprotein	MHS440	fungi_OG
3NWQW|Fungi	72	52.49476379622345	IU	ddhd domain-containing protein	MHS440	fungi_OG
3NWQY|Fungi	6450	12930.205384053683	J	60s ribosomal protein	MHS440	fungi_OG
3NWR1|Fungi	117	147.16981132075472	S	to Saccharomyces cerevisiae ARV1 (YLR242C)	MHS440	fungi_OG
3NWR2|Fungi	596	1385.92298046759	S	ABC1 Protein	MHS440	fungi_OG
3NWR4|Fungi	775	759.6606044341236	S	site selection protein	MHS440	fungi_OG
3NWR5|Fungi	109	151.3006040072798	S	plasma membrane fusion protein prm1	MHS440	fungi_OG
3NWR7|Fungi	745	456.6541009426043	S	Chromosome segregation protein	MHS440	fungi_OG
3NWRA|Fungi	377	834.4957747643883	DKT	Plays a complex role in regulating the basal catalytic activity of the alpha subunit	MHS440	fungi_OG
3NWRD|Fungi	849	1164.4211609022857	T	protein kinase domain-containing protein ppk32	MHS440	fungi_OG
3NWRE|Fungi	2774	1692.0786686526333	O	ubiquitin--protein ligase	MHS440	fungi_OG
3NWRG|Fungi	1370	1342.3857369206858	A	-domain-containing protein	MHS440	fungi_OG
3NWRH|Fungi	53	93.47442680776015	TZ	LIM domain-containing protein	MHS440	fungi_OG
3NWRM|Fungi	1038	1419.3126127305168	G	Ribose 5-phosphate isomerase	MHS440	fungi_OG
3NWRS|Fungi	379	418.8175625491477	A	Required for endonucleolytic cleavage during polyadenylation-dependent pre-mRNA 3'-end formation	MHS440	fungi_OG
3NWRU|Fungi	252	515.0964752954803	J	meiotic recombination protein	MHS440	fungi_OG
3NWRV|Fungi	479	873.4690502538004	E	Amino acid transporter	MHS440	fungi_OG
3NWRW|Fungi	2630	2026.7221210034445	O	e3 ubiquitin-protein ligase	MHS440	fungi_OG
3NWRY|Fungi	1026	705.9116123128061	Z	Probably involved in transcription regulation via its interaction with the INO80 complex, a chromatin remodeling complex	MHS440	fungi_OG
3NWRZ|Fungi	399	522.7671768662021	ABO	Wd repeat protein	MHS440	fungi_OG
3NWS9|Fungi	373	309.7816211319683	A	Regulatory subunit of the poly(A)-nuclease (PAN) deadenylation complex, one of two cytoplasmic mRNA deadenylases involved in mRNA turnover. PAN specifically shortens poly(A) tails of RNA and the activity is stimulated by poly(A)-binding protein pab1. PAN deadenylation is followed by rapid degradation of the shortened mRNA tails by the CCR4-NOT complex. Deadenylated mRNAs are then degraded by two alternative mechanisms, namely exosome- mediated 3'-5' exonucleolytic degradation, or deadenlyation- dependent mRNA decaping and subsequent 5'-3' exonucleolytic degradation by xrn1. May also be involved in post-transcriptional maturation of mRNA poly(A) tails. pan3 acts as a positive regulator for PAN activity, recruiting the catalytic subunit pan2 to mRNA via its interaction with RNA and with pab1	MHS440	fungi_OG
3NWSA|Fungi	1188	672.6331677384493	IMO	Phosphatidylinositol N-acetylglucosaminyltransferase GPI3 subunit	MHS440	fungi_OG
3NWSB|Fungi	398	803.5574428767641	O	ER associated DnaJ chaperone	MHS440	fungi_OG
3NWSD|Fungi	1190	923.673792557403	O	Peroxisome assembly protein	MHS440	fungi_OG
3NWSF|Fungi	295	418.4607288406111	J	Belongs to the class-I aminoacyl-tRNA synthetase family	MHS440	fungi_OG
3NWSJ|Fungi	114	257.860722977002	U	Signal recognition particle	MHS440	fungi_OG
3NWSK|Fungi	62075	86234.63798177525	C	Belongs to the mitochondrial carrier (TC 2.A.29) family	MHS440	fungi_OG
3NWSM|Fungi	354	382.8998876578087	E	Anthranilate phosphoribosyltransferase	MHS440	fungi_OG
3NWSQ|Fungi	1873	2325.1016838859964	J	component of the eukaryotic translation initiation factor 3 (eIF-3) complex, which is involved in protein synthesis of a specialized repertoire of mRNAs and, together with other initiation factors, stimulates binding of mRNA and methionyl-tRNAi to the 40S ribosome. The eIF-3 complex specifically targets and initiates translation of a subset of mRNAs involved in cell proliferation	MHS440	fungi_OG
3NWST|Fungi	5066	3395.2368002318894	EO	Aminopeptidase	MHS440	fungi_OG
3NWSW|Fungi	1029	1150.783812054466	U	Signal recognition particle receptor	MHS440	fungi_OG
3NWSX|Fungi	328	531.384080338538	U	Component of the ESCRT-0 complex which is the sorting receptor for ubiquitinated cargo proteins at the multivesicular body (MVB) and recruits ESCRT-I to the MVB outer membrane	MHS440	fungi_OG
3NWSZ|Fungi	1083	760.7435696105056	T	serine threonine protein kinase	MHS440	fungi_OG
3NWT5|Fungi	660	570.3539010939724	S	anucleate primary sterigmata protein b	MHS440	fungi_OG
3NWT7|Fungi	2486	4441.977620908915	J	Translation Initiation Factor	MHS440	fungi_OG
3NWT8|Fungi	8773	11680.09441046281	I	Saccharopine dehydrogenase	MHS440	fungi_OG
3NWT9|Fungi	173	346.98174073040724	K	Transcription factor which regulates nonfermentable carbon utilization. Activator of gluconeogenetic genes (By similarity)	MHS440	fungi_OG
3NWTA|Fungi	357	176.36106051406597	K	Component of the Mediator complex, a coactivator involved in the regulated transcription of nearly all RNA polymerase II-dependent genes. Mediator functions as a bridge to convey information from gene-specific regulatory proteins to the basal RNA polymerase II transcription machinery. Mediator is recruited to promoters by direct interactions with regulatory proteins and serves as a scaffold for the assembly of a functional preinitiation complex with RNA polymerase II and the general transcription factors	MHS440	fungi_OG
3NWTC|Fungi	475	325.25534688006087	D	Oligosaccharide translocation protein RFT1	MHS440	fungi_OG
3NWTE|Fungi	1161	1598.0075815700368	O	oligosaccharyl transferase subunit	MHS440	fungi_OG
3NWTH|Fungi	1165	755.9535096039408	J	threonyl-tRNA synthetase	MHS440	fungi_OG
3NWTI|Fungi	35	91.34765017117958	G	phosphoglycerate mutase	MHS440	fungi_OG
3NWTJ|Fungi	109	69.07477820025348	L	Telomere length regulation protein	MHS440	fungi_OG
3NWTN|Fungi	1795	2438.491426683507	S	2-methylcitrate dehydratase	MHS440	fungi_OG
3NWTQ|Fungi	3245	1845.3561194628755	Q	l-aminoadipate-semialdehyde dehydrogenase	MHS440	fungi_OG
3NWTV|Fungi	1055	1167.317641877767	A	Translation Initiation Factor	MHS440	fungi_OG
3NWTW|Fungi	1204	1371.2750728206122	O	domain-containing protein	MHS440	fungi_OG
3NWTY|Fungi	501	452.67762460233297	A	18s rrna biogenesis protein	MHS440	fungi_OG
3NWU3|Fungi	1130	1226.634994536122	GT	Udp-glucose	MHS440	fungi_OG
3NWU7|Fungi	3710	4926.53117094836	C	Succinyl-CoA synthetase functions in the citric acid cycle (TCA), coupling the hydrolysis of succinyl-CoA to the synthesis of ATP and thus represents the only step of substrate- level phosphorylation in the TCA. The alpha subunit of the enzyme binds the substrates coenzyme A and phosphate, while succinate binding and nucleotide specificity is provided by the beta subunit	MHS440	fungi_OG
3NWUA|Fungi	1456	1715.924153555063	D	serine threonine-protein kinase	MHS440	fungi_OG
3NWUB|Fungi	847	997.2248888857782	P	Atypical ABC1 ABC1-C protein kinase	MHS440	fungi_OG
3NWUH|Fungi	371	448.21909118708044	L	nudix family hydrolase	MHS440	fungi_OG
3NWUJ|Fungi	1017	2720.3550309146267	U	Belongs to the small GTPase superfamily. Rho family	MHS440	fungi_OG
3NWUP|Fungi	881	695.6693666908077	U	Belongs to the SNF7 family	MHS440	fungi_OG
3NWUQ|Fungi	363	200.34196951254853	O	Duf1339 domain protein	MHS440	fungi_OG
3NWUR|Fungi	150	279.7825453567109	S	NA	MHS440	fungi_OG
3NWUS|Fungi	466	532.5946142254315	D	Belongs to the cullin family	MHS440	fungi_OG
3NWUT|Fungi	248	318.68271597362843	IO	Palmitoyl-protein thioesterase	MHS440	fungi_OG
3NWUV|Fungi	544	947.8768657839871	U	Sorting nexin, involved in the separation or division of vacuoles throughout the entire life cycle of the cells. Involved in retrieval of late-Golgi SNAREs from post-Golgi endosomes to the trans-Golgi network, for cytoplasm to vacuole transport (Cvt), mitophagy, and pexophagy (By similarity)	MHS440	fungi_OG
3NWUX|Fungi	832	920.2927094890962	O	Oligosaccharyltransferase subunit Ribophorin II	MHS440	fungi_OG
3NWV5|Fungi	533	368.30107143211126	S	Saccharomyces cerevisiae YDR374C	MHS440	fungi_OG
3NWV8|Fungi	644	926.56047661555	L	ATP-dependent DNA helicase II subunit 2	MHS440	fungi_OG
3NWV9|Fungi	11573	8623.436141048005	I	Converts sphingomyelin to ceramide	MHS440	fungi_OG
3NWVC|Fungi	65	136.73241703654747	Z	gelsolin repeat protein	MHS440	fungi_OG
3NWVD|Fungi	619	1137.3749486641045	J	component of the eukaryotic translation initiation factor 3 (eIF-3) complex, which is involved in protein synthesis of a specialized repertoire of mRNAs and, together with other initiation factors, stimulates binding of mRNA and methionyl-tRNAi to the 40S ribosome. The eIF-3 complex specifically targets and initiates translation of a subset of mRNAs involved in cell proliferation	MHS440	fungi_OG
3NWVH|Fungi	766	460.1658148779103	O	Belongs to the peptidase C19 family	MHS440	fungi_OG
3NWVI|Fungi	81	138.34229390681006	DKL	Belongs to the protein kinase superfamily	MHS440	fungi_OG
3NWVJ|Fungi	529	526.8014772428157	A	RNA-binding protein	MHS440	fungi_OG
3NWVQ|Fungi	1628	1368.7871752812796	A	RING finger membrane protein	MHS440	fungi_OG
3NWVR|Fungi	205	93.99358092618066	V	-phosphatase	MHS440	fungi_OG
3NWVV|Fungi	637	544.5798080149098	A	ATP-dependent RNA helicase	MHS440	fungi_OG
3NWVW|Fungi	775	490.01349814043317	L	DNA repair protein	MHS440	fungi_OG
3NWW4|Fungi	1164	1313.5573758516164	O	peroxisome biosynthesis protein	MHS440	fungi_OG
3NWW5|Fungi	3	5.319148936170214	E	2-nitropropane dioxygenase	MHS440	fungi_OG
3NWW7|Fungi	376	715.8336247820832	B	Belongs to the histone deacetylase family. HD Type 1 subfamily	MHS440	fungi_OG
3NWWC|Fungi	404	1260.8851470885681	L	Excises uracil residues from the DNA which can arise as a result of misincorporation of dUMP residues by DNA polymerase or due to deamination of cytosine	MHS440	fungi_OG
3NWWG|Fungi	284	168.01372158808027	DL	cell cycle checkpoint protein	MHS440	fungi_OG
3NWWH|Fungi	1768	1816.237833758764	B	N-terminal acetyltransferase	MHS440	fungi_OG
3NWWI|Fungi	254	271.4825166989998	MOT	Chitin synthase	MHS440	fungi_OG
3NWWN|Fungi	290	463.6697827776561	Z	Tubulin is the major constituent of microtubules. The gamma chain is found at microtubule organizing centers (MTOC) such as the spindle poles or the centrosome	MHS440	fungi_OG
3NWWT|Fungi	943	899.3181212900654	S	Mn2 homeostasis protein	MHS440	fungi_OG
3NWWU|Fungi	210	167.06443914081146	S	mitogen-activated protein kinase organizer 1	MHS440	fungi_OG
3NWWV|Fungi	3620	4097.517314129088	O	Belongs to the heat shock protein 70 family	MHS440	fungi_OG
3NWX1|Fungi	380	456.8586325475692	G	Lipase which is essential for lysis of subvacuolar cytoplasm to vacuole targeted bodies and intravacuolar autophagic bodies. Involved in the lysis of intravacuolar multivesicular body (MVB) vesicles. The intravacuolar membrane disintegration by ATG15 is critical to life span extension (By similarity)	MHS440	fungi_OG
3NWX2|Fungi	557	844.18406837746	A	splicing factor	MHS440	fungi_OG
3NWX4|Fungi	382	279.60684083256115	U	Part of the AP-3 complex, an adaptor-related complex which is not clathrin-associated. The complex is associated with the Golgi region as well as more peripheral structures. It facilitates the budding of vesicles from the Golgi membrane	MHS440	fungi_OG
3NWXA|Fungi	462	321.47290946173626	S	NA	MHS440	fungi_OG
3NWXB|Fungi	31	166.66666666666666	F	Urease accessory protein	MHS440	fungi_OG
3NWXC|Fungi	1302	1387.8708118005495	O	PPIases accelerate the folding of proteins. It catalyzes the cis-trans isomerization of proline imidic peptide bonds in oligopeptides	MHS440	fungi_OG
3NWXD|Fungi	68	64.48079480855243	G	Transporter	MHS440	fungi_OG
3NWXF|Fungi	10	25.64102564102564	P	Belongs to the major facilitator superfamily. Sugar transporter (TC 2.A.1.1) family	MHS440	fungi_OG
3NWXJ|Fungi	344	703.6814586577594	H	Dephospho-CoA kinase	MHS440	fungi_OG
3NWXK|Fungi	483	235.931326724297	P	Nitrogen Permease regulator	MHS440	fungi_OG
3NWXM|Fungi	81	226.06362226615394	U	Belongs to the small GTPase superfamily. Arf family	MHS440	fungi_OG
3NWXV|Fungi	248	157.57263845113644	M	Chitin Synthase	MHS440	fungi_OG
3NWXY|Fungi	752	710.8868918435975	A	DEAD DEAH box helicase	MHS440	fungi_OG
3NWY1|Fungi	1315	1405.2200669299862	DZ	SDA1 domain protein	MHS440	fungi_OG
3NWY4|Fungi	11598	19213.870802223722	J	Component of the ribosome, a large ribonucleoprotein complex responsible for the synthesis of proteins in the cell. The small ribosomal subunit (SSU) binds messenger RNAs (mRNAs) and translates the encoded message by selecting cognate aminoacyl- transfer RNA (tRNA) molecules. The large subunit (LSU) contains the ribosomal catalytic site termed the peptidyl transferase center (PTC), which catalyzes the formation of peptide bonds, thereby polymerizing the amino acids delivered by tRNAs into a polypeptide chain. The nascent polypeptides leave the ribosome through a tunnel in the LSU and interact with protein factors that function in enzymatic processing, targeting, and the membrane insertion of nascent chains at the exit of the ribosomal tunnel. uL10 forms part of the P stalk that participates in recruiting G proteins to the ribosome	MHS440	fungi_OG
3NWY5|Fungi	2880	3732.843029486013	C	subunit B	MHS440	fungi_OG
3NWY7|Fungi	650	882.1636115161721	A	Pre-mrna-splicing factor isy1	MHS440	fungi_OG
3NWY9|Fungi	1207	1807.4929327858272	T	GTPase-activating protein	MHS440	fungi_OG
3NWYC|Fungi	2706	3059.691480075656	C	sulfide quinone oxidoreductase	MHS440	fungi_OG
3NWYD|Fungi	809	709.6899935888522	A	RNA helicase	MHS440	fungi_OG
3NWYF|Fungi	9260	22358.348343628015	J	ribosomal protein	MHS440	fungi_OG
3NWYK|Fungi	665	923.2068334704512	S	WD40 repeat-like protein	MHS440	fungi_OG
3NWYN|Fungi	207	307.0450241301484	A	Splicing factor 3b subunit 4	MHS440	fungi_OG
3NWYW|Fungi	683	1151.126447406634	O	Proteasome subunit alpha type	MHS440	fungi_OG
3NWYX|Fungi	1935	1990.412086778077	B	Control of topological states of DNA by transient breakage and subsequent rejoining of DNA strands. Topoisomerase II makes double-strand breaks	MHS440	fungi_OG
3NWYY|Fungi	562	467.22692797036814	L	Belongs to the MCM family	MHS440	fungi_OG
3NWZ0|Fungi	1273	2161.1460086776847	H	Belongs to the uroporphyrinogen decarboxylase family	MHS440	fungi_OG
3NWZ1|Fungi	953	1436.4992867722065	T	domain-containing protein	MHS440	fungi_OG
3NWZ8|Fungi	364	721.3232033365952	I	inositol phospholipid biosynthesis protein	MHS440	fungi_OG
3NWZB|Fungi	3208	916.4616047838953	O	Nuclear pore complex	MHS440	fungi_OG
3NWZC|Fungi	1824	2204.357973426433	I	Phenylacetyl-CoA ligase	MHS440	fungi_OG
3NWZK|Fungi	43	157.73809523809524	C	C2H2 finger domain protein	MHS440	fungi_OG
3NWZN|Fungi	1927	1275.556328257037	S	u3 small nucleolar rna-associated protein 5	MHS440	fungi_OG
3NWZP|Fungi	297	308.07790918882466	U	transporter	MHS440	fungi_OG
3NWZR|Fungi	614	403.22365230256827	U	Vacuolar	MHS440	fungi_OG
3NWZU|Fungi	410	482.0380354966666	H	Phosphopantothenate-cysteine ligase	MHS440	fungi_OG
3NX00|Fungi	424	464.10840919927455	E	aromatic-L-amino-acid decarboxylase	MHS440	fungi_OG
3NX05|Fungi	1174	1443.1561984035163	P	Tetratricopeptide repeat protein	MHS440	fungi_OG
3NX06|Fungi	518	802.2326085241015	O	domain-containing protein	MHS440	fungi_OG
3NX08|Fungi	196	534.7681963734025	K	DNA-binding protein creA	MHS440	fungi_OG
3NX0B|Fungi	5322	3260.9144559368074	F	phosphoribosylformylglycinamidine synthase	MHS440	fungi_OG
3NX0F|Fungi	26	97.37827715355805	G	Splits internally a 1,3-beta-glucan molecule and transfers the newly generated reducing end (the donor) to the non- reducing end of another 1,3-beta-glucan molecule (the acceptor) forming a 1,3-beta linkage, resulting in the elongation of 1,3- beta-glucan chains in the cell wall	MHS440	fungi_OG
3NX0G|Fungi	1287	1646.233789577816	S	domain-containing protein	MHS440	fungi_OG
3NX0H|Fungi	1435	597.111756234781	A	RNA-binding component of the cleavage and polyadenylation factor (CPF) complex, which plays a key role in polyadenylation-dependent pre-mRNA 3'-end formation and cooperates with cleavage factors including the CFIA complex and NAB4 CFIB. Involved in poly(A) site recognition. May be involved in coupling transcription termination and mRNA 3'-end formation (By similarity)	MHS440	fungi_OG
3NX0I|Fungi	838	863.0074874620249	S	DUF21-domain-containing protein	MHS440	fungi_OG
3NX0J|Fungi	137	327.1538195314644	O	Binds specifically to cytosolic chaperonin (c-CPN) and transfers target proteins to it. Binds to nascent polypeptide chain and promotes folding in an environment in which there are many competing pathways for nonnative proteins	MHS440	fungi_OG
3NX0R|Fungi	2530	495.0319694815168	S	PH domain-containing protein	MHS440	fungi_OG
3NX0S|Fungi	1218	1249.657334620197	J	Translation Initiation Factor	MHS440	fungi_OG
3NX0U|Fungi	382	643.6513398135182	O	Glutathione S-transferase	MHS440	fungi_OG
3NX0Y|Fungi	2341	3590.026323714182	J	seryl-trna synthetase	MHS440	fungi_OG
3NX15|Fungi	870	1096.5033899214382	I	Belongs to the terpene cyclase mutase family	MHS440	fungi_OG
3NX16|Fungi	235	137.91079812206573	Z	Belongs to the TRAFAC class myosin-kinesin ATPase superfamily. Kinesin family	MHS440	fungi_OG
3NX17|Fungi	3628	3159.2917496865502	UY	exportin-1	MHS440	fungi_OG
3NX18|Fungi	280	559.1106735581262	S	Kinetochore protein spc-25	MHS440	fungi_OG
3NX1A|Fungi	24	50.63291139240506	OT	Cop9 signalosome	MHS440	fungi_OG
3NX1B|Fungi	8	39.80099502487562	S	integral membrane protein	MHS440	fungi_OG
3NX1D|Fungi	89	164.21870558135126	O	GPI transamidase component (GAA1)	MHS440	fungi_OG
3NX1J|Fungi	328	241.25995257301093	BK	complex subunit Sfh1	MHS440	fungi_OG
3NX1P|Fungi	341	218.5876307098901	L	a g-specific adenine	MHS440	fungi_OG
3NX1R|Fungi	176	246.12686265520043	S	Saccharomyces cerevisiae YBR030w	MHS440	fungi_OG
3NX1S|Fungi	399	445.019286100816	K	Transcription initiation factor iie subunit alpha	MHS440	fungi_OG
3NX22|Fungi	597	1412.8286140350638	T	Belongs to the protein kinase superfamily	MHS440	fungi_OG
3NX26|Fungi	517	863.6522601768238	A	splicing factor u2af-associated protein	MHS440	fungi_OG
3NX2B|Fungi	671	1011.3527659763276	G	Catalyzes the phosphorylation of ribose at O-5 in a reaction requiring ATP and magnesium. The resulting D-ribose-5- phosphate can then be used either for sythesis of nucleotides, histidine, and tryptophan, or as a component of the pentose phosphate pathway	MHS440	fungi_OG
3NX2D|Fungi	1438	711.1517969887411	T	vacuolar membrane-associated protein iml1	MHS440	fungi_OG
3NX2E|Fungi	295	390.1129557514062	IM	Ceramide glucosyltransferase	MHS440	fungi_OG
3NX2G|Fungi	721	1107.951978281549	E	cysteine synthase	MHS440	fungi_OG
3NX2N|Fungi	410	778.3627369779024	H	Pyridoxal kinase	MHS440	fungi_OG
3NX2R|Fungi	1266	1424.237092553753	U	Vacuolar import and degRadation protein	MHS440	fungi_OG
3NX2S|Fungi	649	573.0239079661117	T	Universal stress protein	MHS440	fungi_OG
3NX2T|Fungi	23	62.96296296296296	E	Duf895 domain membrane protein	MHS440	fungi_OG
3NX2V|Fungi	1675	978.4579591746846	A	mrna cleavage and polyadenylation specificity factor complex subunit	MHS440	fungi_OG
3NX2W|Fungi	202	239.1895234598979	O	mitochondrial metalloendopeptidase oma1	MHS440	fungi_OG
3NX2X|Fungi	1691	876.4769228621429	S	GRAM domain-containing protein	MHS440	fungi_OG
3NX30|Fungi	1479	1411.6324899522347	T	5-azacytidine resistance protein azr1	MHS440	fungi_OG
3NX34|Fungi	572	362.23551920768307	S	pseudouridine synthase	MHS440	fungi_OG
3NX37|Fungi	2082	2930.553704333703	J	nucleolar complex protein	MHS440	fungi_OG
3NX38|Fungi	480	355.75858212849676	J	camk protein kinase	MHS440	fungi_OG
3NX3C|Fungi	24980	26386.31152364845	C	zinc-binding oxidoreductase	MHS440	fungi_OG
3NX3E|Fungi	329	1213.3628276697027	U	Belongs to the SNF7 family	MHS440	fungi_OG
3NX3G|Fungi	15	18.86401326699834	L	SMR domain-containing protein	MHS440	fungi_OG
3NX3H|Fungi	1714	2693.23497388176	J	component of the eukaryotic translation initiation factor 3 (eIF-3) complex, which is involved in protein synthesis of a specialized repertoire of mRNAs and, together with other initiation factors, stimulates binding of mRNA and methionyl-tRNAi to the 40S ribosome. The eIF-3 complex specifically targets and initiates translation of a subset of mRNAs involved in cell proliferation	MHS440	fungi_OG
3NX3M|Fungi	2418	2447.566140854305	J	lysyl-trna synthetase	MHS440	fungi_OG
3NX3S|Fungi	3008	437.93168017548084	V	to Saccharomyces cerevisiae IRA1 (YBR140C) and IRA2 (YOL081W)	MHS440	fungi_OG
3NX3U|Fungi	713	666.4391375694028	O	Ubiquitinyl hydrolase 1	MHS440	fungi_OG
3NX42|Fungi	1696	3722.82869809135	P	ATPase required for the post-translational delivery of tail-anchored (TA) proteins to the endoplasmic reticulum. Recognizes and selectively binds the transmembrane domain of TA proteins in the cytosol. This complex then targets to the endoplasmic reticulum by membrane-bound receptors, where the tail- anchored protein is released for insertion. This process is regulated by ATP binding and hydrolysis. ATP binding drives the homodimer towards the closed dimer state, facilitating recognition of newly synthesized TA membrane proteins. ATP hydrolysis is required for insertion. Subsequently, the homodimer reverts towards the open dimer state, lowering its affinity for the membrane-bound receptor, and returning it to the cytosol to initiate a new round of targeting	MHS440	fungi_OG
3NX44|Fungi	27	69.26343690895175	S	Major Facilitator Superfamily	MHS440	fungi_OG
3NX47|Fungi	272	350.5813524355724	S	Wd repeat protein	MHS440	fungi_OG
3NX48|Fungi	385	627.5636987128346	G	Belongs to the ribulose-phosphate 3-epimerase family	MHS440	fungi_OG
3NX49|Fungi	20	47.61904761904762	C	alcohol dehydrogenase	MHS440	fungi_OG
3NX4B|Fungi	664	1026.4682113958681	I	Belongs to the 1-acyl-sn-glycerol-3-phosphate acyltransferase family	MHS440	fungi_OG
3NX4H|Fungi	2258	1831.4497527268393	J	Belongs to the class I-like SAM-binding methyltransferase superfamily. RsmB NOP family	MHS440	fungi_OG
3NX4K|Fungi	1567	1375.1288249997149	U	Belongs to the syntaxin family	MHS440	fungi_OG
3NX4M|Fungi	664	345.76452913664906	K	CBF1 Su(H) LAG-1 family transcription factor Cbf11	MHS440	fungi_OG
3NX4P|Fungi	517	260.80841346751816	U	Adaptins are components of the adaptor complexes which link clathrin to receptors in coated vesicles. Clathrin-associated protein complexes are believed to interact with the cytoplasmic tails of membrane proteins, leading to their selection and concentration	MHS440	fungi_OG
3NX4Q|Fungi	972	1211.220424149799	O	prolyl oligopeptidase	MHS440	fungi_OG
3NX4T|Fungi	154	118.82716049382715	K	tbc domain-containing protein	MHS440	fungi_OG
3NX4W|Fungi	775	555.803294733648	P	Belongs to the cation transport ATPase (P-type) (TC 3.A.3) family. Type IV subfamily	MHS440	fungi_OG
3NX4Z|Fungi	1287	1754.4658137286633	I	diacylglycerol	MHS440	fungi_OG
3NX51|Fungi	428	279.5891835611841	Y	Belongs to the NARF family	MHS440	fungi_OG
3NX52|Fungi	1633	1585.0147007671835	D	Belongs to the cyclin family	MHS440	fungi_OG
3NX5D|Fungi	3949	2125.9285131882543	P	This magnesium-dependent enzyme catalyzes the hydrolysis of ATP coupled with the transport of calcium	MHS440	fungi_OG
3NX5E|Fungi	14760	24645.60453204533	H	Involved in biosynthesis of the thiamine precursor thiazole. Catalyzes the conversion of NAD and glycine to adenosine diphosphate 5-(2-hydroxyethyl)-4-methylthiazole-2-carboxylic acid (ADT), an adenylated thiazole intermediate. The reaction includes an iron-dependent sulfide transfer from a conserved cysteine residue of the protein to a thiazole intermediate. The enzyme can only undergo a single turnover, which suggests it is a suicide enzyme. May have additional roles in adaptation to various stress conditions and in DNA damage tolerance	MHS440	fungi_OG
3NX5P|Fungi	330	142.59890026853907	I	Phospholipase	MHS440	fungi_OG
3NX5S|Fungi	340	193.89861241796433	S	PH domain protein	MHS440	fungi_OG
3NX5T|Fungi	75	224.13671829071143	U	Belongs to the syntaxin family	MHS440	fungi_OG
3NX5X|Fungi	535	651.5007526186666	T	atypical rio rio2 protein kinase	MHS440	fungi_OG
3NX5Y|Fungi	300	365.07151223143035	Z	F-actin-capping proteins bind in a Ca(2 )-independent manner to the fast growing ends of actin filaments (barbed end) thereby blocking the exchange of subunits at these ends. Unlike other capping proteins (such as gelsolin and severin), these proteins do not sever actin filaments	MHS440	fungi_OG
3NX69|Fungi	150	381.6347997099702	O	Involved in the post-translational conjugation of arginine to the N-terminal aspartate or glutamate of a protein. This arginylation is required for degradation of the protein via the ubiquitin pathway	MHS440	fungi_OG
3NX6B|Fungi	433	378.2190713417778	S	C2 domain-containing protein	MHS440	fungi_OG
3NX6G|Fungi	164	124.14195335533239	S	nuclear protein es2	MHS440	fungi_OG
3NX6I|Fungi	718	372.87838397610324	O	Aaa family atpase	MHS440	fungi_OG
3NX6J|Fungi	3869	2640.8172403215713	J	Translation Initiation Factor	MHS440	fungi_OG
3NX6N|Fungi	143	196.020196020196	E	Carbon-Nitrogen	MHS440	fungi_OG
3NX6P|Fungi	1524	1567.3952775663531	UY	importin subunit beta-1	MHS440	fungi_OG
3NX6Q|Fungi	8518	7331.231128171101	H	Belongs to the malate synthase family	MHS440	fungi_OG
3NX6W|Fungi	244	382.87833648884435	H	Prenylcysteine	MHS440	fungi_OG
3NX70|Fungi	1943	2391.9730407920897	J	RNA-binding component of the eukaryotic translation initiation factor 3 (eIF-3) complex, which is involved in protein synthesis of a specialized repertoire of mRNAs and, together with other initiation factors, stimulates binding of mRNA and methionyl-tRNAi to the 40S ribosome. The eIF-3 complex specifically targets and initiates translation of a subset of mRNAs involved in cell proliferation. This subunit can bind 18S rRNA	MHS440	fungi_OG
3NX72|Fungi	71	54.71579745861577	T	Allomyces macrogynus ATCC 38327	MHS440	fungi_OG
3NX73|Fungi	2753	4180.720007878667	O	Belongs to the peptidase A1 family	MHS440	fungi_OG
3NX75|Fungi	474	882.097383563061	A	negative regulator of differentiation	MHS440	fungi_OG
3NX76|Fungi	210	424.8692611494007	S	Transport protein yif1	MHS440	fungi_OG
3NX7A|Fungi	171	180.95238095238096	IQ	tho complex subunit 3	MHS440	fungi_OG
3NX7C|Fungi	85	238.0952380952381	O	Belongs to the type-B carboxylesterase lipase family	MHS440	fungi_OG
3NX7G|Fungi	171	156.62439787558154	E	Amino acid transporter	MHS440	fungi_OG
3NX7I|Fungi	754	925.3125218475861	J	ribosomal protein	MHS440	fungi_OG
3NX7J|Fungi	847	453.66204895274956	T	1-phosphatidylinositol-3-phosphate 5-kinase	MHS440	fungi_OG
3NX7Q|Fungi	1584	2031.3370461516854	J	Zn-dependent hydrolase oxidoreductase family protein	MHS440	fungi_OG
3NX7V|Fungi	292	281.7072458690956	D	-phosphatase	MHS440	fungi_OG
3NX7W|Fungi	3185	2187.306607083798	BK	snf2-family atp dependent chromatin remodeling factor snf21	MHS440	fungi_OG
3NX80|Fungi	27585	46279.33506885253	C	Component of the ubiquinol-cytochrome c reductase complex (complex III or cytochrome b-c1 complex) that is part of the mitochondrial respiratory chain. The b-c1 complex mediates electron transfer from ubiquinol to cytochrome c. Contributes to the generation of a proton gradient across the mitochondrial membrane that is then used for ATP synthesis	MHS440	fungi_OG
3NX84|Fungi	540	430.3342819155776	B	histone deacetylase	MHS440	fungi_OG
3NX85|Fungi	828	1242.6755870570455	S	integral membrane protein	MHS440	fungi_OG
3NX88|Fungi	28	91.50326797385621	S	Uba domain-containing protein ucp14	MHS440	fungi_OG
3NX8A|Fungi	332	407.0432063256522	T	Rrna-processing protein utp23	MHS440	fungi_OG
3NX8D|Fungi	176	233.33475498416567	U	mRNA decapping	MHS440	fungi_OG
3NX8I|Fungi	2775	3692.312404163195	H	Zinc finger protein	MHS440	fungi_OG
3NX8M|Fungi	521	711.915946498777	J	Peptide chain release factor	MHS440	fungi_OG
3NX8R|Fungi	119	298.901725223149	S	Allomyces macrogynus ATCC 38327	MHS440	fungi_OG
3NX8U|Fungi	589	1255.3163214002748	J	Belongs to the universal ribosomal protein uL16 family	MHS440	fungi_OG
3NX8Y|Fungi	1210	930.8842080453601	A	telomerase activating protein est1	MHS440	fungi_OG
3NX90|Fungi	192	647.096133033633	O	Proteasome subunit beta	MHS440	fungi_OG
3NX99|Fungi	332	328.38773491592485	D	Chromosome condensation protein	MHS440	fungi_OG
3NX9A|Fungi	912	607.1988474898026	K	cell pattern formation-associated protein	MHS440	fungi_OG
3NX9E|Fungi	570	586.9823028069798	O	Belongs to the peptidase C19 family	MHS440	fungi_OG
3NX9F|Fungi	9200	12418.870805647746	C	succinyltransferase	MHS440	fungi_OG
3NX9Q|Fungi	6	18.34862385321101	A	WW domain-containing protein	MHS440	fungi_OG
3NX9R|Fungi	160	176.9113530128242	S	DUF159 domain protein	MHS440	fungi_OG
3NX9S|Fungi	415	354.4855159862943	E	hydantoinase B oxoprolinase	MHS440	fungi_OG
3NX9Y|Fungi	121	258.7524459252208	S	duf1769-domain-containing protein	MHS440	fungi_OG
3NX9Z|Fungi	663	623.1895093208922	S	Protein of unknown function (DUF3405)	MHS440	fungi_OG
3NXAC|Fungi	261	186.71150036492546	BL	Chromatin assembly factor 1 subunit	MHS440	fungi_OG
3NXAF|Fungi	317	432.6466697790227	S	Mitochondrial genome maintenance protein	MHS440	fungi_OG
3NXAG|Fungi	163	209.52694404910883	U	Belongs to the STXBP unc-18 SEC1 family	MHS440	fungi_OG
3NXAI|Fungi	492	911.8501925404505	I	)-reductase	MHS440	fungi_OG
3NXAM|Fungi	1328	2477.7667939086314	IQ	cytochrome P450	MHS440	fungi_OG
3NXAN|Fungi	463	562.3181145937693	A	coatamer subunit protein	MHS440	fungi_OG
3NXAQ|Fungi	1789	1470.6642142197188	A	Belongs to the DEAD box helicase family	MHS440	fungi_OG
3NXAR|Fungi	1893	2647.8585377298555	J	Translation Initiation Factor	MHS440	fungi_OG
3NXAT|Fungi	842	433.86905060212524	T	Cmgc dyrk dyrk2 protein kinase	MHS440	fungi_OG
3NXAU|Fungi	4709	2841.76223009971	L	ATP-dependent serine protease that mediates the selective degradation of misfolded, unassembled or oxidatively damaged polypeptides as well as certain short-lived regulatory proteins in the mitochondrial matrix. May also have a chaperone function in the assembly of inner membrane protein complexes. Participates in the regulation of mitochondrial gene expression and in the maintenance of the integrity of the mitochondrial genome. Binds to mitochondrial DNA in a site-specific manner	MHS440	fungi_OG
3NXAV|Fungi	102	262.74622549848624	H	Adds a GMP to the 5'-end of tRNA(His) after transcription and RNase P cleavage	MHS440	fungi_OG
3NXAX|Fungi	528	295.19431564219104	L	DNA helicase	MHS440	fungi_OG
3NXAZ|Fungi	812	751.8043799092204	A	Cleavage and	MHS440	fungi_OG
3NXB1|Fungi	1322	2541.064018634165	EH	Molybdopterin binding	MHS440	fungi_OG
3NXB3|Fungi	409	621.7392289707022	E	cystathionine	MHS440	fungi_OG
3NXB4|Fungi	406	403.08565819324014	H	homoserine O-acetyltransferase	MHS440	fungi_OG
3NXB5|Fungi	17250	19546.622799188553	C	NADH dehydrogenase subunit 2	MHS440	fungi_OG
3NXBE|Fungi	512	585.4293160869961	S	to Saccharomyces cerevisiae WHI2 (YOR043W)	MHS440	fungi_OG
3NXBG|Fungi	711	676.4532672436509	J	Nucleolar essential protein 1	MHS440	fungi_OG
3NXBH|Fungi	801	737.822908979116	K	transcription initiation factor IIF subunit alpha	MHS440	fungi_OG
3NXBK|Fungi	2428	6009.9138587101115	C	atp synthase	MHS440	fungi_OG
3NXBM|Fungi	412	648.990340731152	S	Set domain-containing protein	MHS440	fungi_OG
3NXBN|Fungi	416	333.6485972469236	KL	Regulator of chromosome condensation (RCC1) repeat	MHS440	fungi_OG
3NXBP|Fungi	447	344.8394638619313	O	Peptidyl-prolyl cis-trans isomerase	MHS440	fungi_OG
3NXBV|Fungi	872	592.4698584505071	S	Major Facilitator	MHS440	fungi_OG
3NXBX|Fungi	33	62.5	K	Histone chaperone that facilitates histone deposition and histone exchange and removal during nucleosome assembly and disassembly	MHS440	fungi_OG
3NXBZ|Fungi	779	622.0891223070385	TZ	Belongs to the CAP family	MHS440	fungi_OG
3NXC1|Fungi	7770	9870.179265009301	G	to uniprot P00924 Saccharomyces cerevisiae YGR254w ENO1 enolase I	MHS440	fungi_OG
3NXC2|Fungi	309	405.2694029507948	S	Mitochondrial GTPase involved in assembly of the large ribosomal subunit. Plays a role in expression of the mitochondrial translational machinery	MHS440	fungi_OG
3NXC3|Fungi	725	1593.8851479897605	O	ribosome biogenesis atpase rix7	MHS440	fungi_OG
3NXC6|Fungi	716	581.2612945093368	A	mRNA cleavage factor complex component Pcf11	MHS440	fungi_OG
3NXCA|Fungi	419	503.40182258402285	D	Structural maintenance of chromosomes protein	MHS440	fungi_OG
3NXCB|Fungi	600	722.7721109605969	C	Belongs to the aldehyde dehydrogenase family	MHS440	fungi_OG
3NXCD|Fungi	339	318.5095452811988	L	origin recognition complex subunit	MHS440	fungi_OG
3NXCF|Fungi	44	140.48365527365428	F	Citrate lyase	MHS440	fungi_OG
3NXCG|Fungi	70	112.19403649310192	A	nuclear polyadenylated rna-binding protein	MHS440	fungi_OG
3NXCK|Fungi	842	1021.5840713400175	G	Essential subunit of the N-oligosaccharyl transferase (OST) complex which catalyzes the transfer of a high mannose oligosaccharide from a lipid-linked oligosaccharide donor to an asparagine residue within an Asn-X-Ser Thr consensus motif in nascent polypeptide chains	MHS440	fungi_OG
3NXCM|Fungi	1807	1313.5150683893905	T	phosphatase	MHS440	fungi_OG
3NXCR|Fungi	3618	4094.7796545838546	J	Component of the eukaryotic translation initiation factor 3 (eIF-3) complex, which is involved in protein synthesis and, together with other initiation factors, stimulates binding of mRNA and methionyl-tRNAi to the 40S ribosome	MHS440	fungi_OG
3NXCW|Fungi	190	210.18708777270422	O	PPIases accelerate the folding of proteins. It catalyzes the cis-trans isomerization of proline imidic peptide bonds in oligopeptides	MHS440	fungi_OG
3NXCX|Fungi	256	242.91520842900957	K	Forkhead transcription factor	MHS440	fungi_OG
3NXD0|Fungi	327	146.97927138685432	DO	actin cytoskeleton organization protein	MHS440	fungi_OG
3NXD6|Fungi	674	1057.7155223416971	S	integral membrane protein	MHS440	fungi_OG
3NXD7|Fungi	492	551.7318061926202	T	Cytoplasm to vacuole targeting Vps64	MHS440	fungi_OG
3NXDB|Fungi	48	78.92053445850914	DZ	Mitotic spindle checkpoint component (MAD2)	MHS440	fungi_OG
3NXDJ|Fungi	906	1268.404401323707	O	proteasome subunit beta type	MHS440	fungi_OG
3NXDN|Fungi	346	920.1491484015603	P	Type 2a phosphatase activator tip41	MHS440	fungi_OG
3NXDW|Fungi	229	505.1183086617156	O	tpr repeat protein	MHS440	fungi_OG
3NXDY|Fungi	2259	1785.1270530947672	P	ankyrin repeat protein nuc-2	MHS440	fungi_OG
3NXDZ|Fungi	979	1307.7419926137754	E	Catalyzes the epimerization of the S- and R-forms of NAD(P)HX, a damaged form of NAD(P)H that is a result of enzymatic or heat-dependent hydration. This is a prerequisite for the S- specific NAD(P)H-hydrate dehydratase to allow the repair of both epimers of NAD(P)HX	MHS440	fungi_OG
3NXE2|Fungi	182	388.1965107393135	S	Von willebrand factor	MHS440	fungi_OG
3NXE4|Fungi	551	525.5760523320359	J	phd finger domain protein	MHS440	fungi_OG
3NXE5|Fungi	1019	986.6051456274847	U	Inositol 5-phosphatase	MHS440	fungi_OG
3NXE6|Fungi	3876	2018.171801390417	Q	transporter	MHS440	fungi_OG
3NXE7|Fungi	4127	3258.0599322853077	K	CCR4-NOT transcription complex subunit	MHS440	fungi_OG
3NXE8|Fungi	452	359.66165827935566	B	WD40 repeat-like protein	MHS440	fungi_OG
3NXEA|Fungi	5736	10077.918687591671	P	outer mitochondrial membrane protein porin	MHS440	fungi_OG
3NXEF|Fungi	974	1021.4225124504562	T	U3 small nucleolar RNA-associated protein	MHS440	fungi_OG
3NXEG|Fungi	2103	1219.18193153011	A	Cap binding protein	MHS440	fungi_OG
3NXEM|Fungi	889	744.9374739915413	A	DNA binding protein SART-1	MHS440	fungi_OG
3NXEP|Fungi	219	157.62640295038017	E	WD repeat-containing protein	MHS440	fungi_OG
3NXER|Fungi	682	680.8634674717467	L	Belongs to the MCM family	MHS440	fungi_OG
3NXES|Fungi	253	339.0004207588471	T	Belongs to the protein kinase superfamily	MHS440	fungi_OG
3NXEW|Fungi	7480	4183.506266799568	Q	Metal resistance protein ycf1	MHS440	fungi_OG
3NXF3|Fungi	220	351.89973425267544	A	splicing factor	MHS440	fungi_OG
3NXFB|Fungi	1890	3430.682152707887	O	DnaJ domain-containing protein	MHS440	fungi_OG
3NXFC|Fungi	7755	9169.856177924557	A	Binds the poly(A) tail of mRNA	MHS440	fungi_OG
3NXFG|Fungi	604	951.2150782992645	E	Belongs to the class-II DAHP synthase family	MHS440	fungi_OG
3NXFM|Fungi	2403	2686.4598727349007	F	Belongs to the dihydroorotate dehydrogenase family. Type 2 subfamily	MHS440	fungi_OG
3NXFN|Fungi	350	214.30992665322464	S	Golgi complex component 7 (COG7)	MHS440	fungi_OG
3NXFV|Fungi	713	1354.1743149936603	L	This protein is an auxiliary protein of DNA polymerase delta and is involved in the control of eukaryotic DNA replication by increasing the polymerase's processibility during elongation of the leading strand	MHS440	fungi_OG
3NXFW|Fungi	365	139.78110873185818	T	VPS15 protein kinase	MHS440	fungi_OG
3NXG0|Fungi	1821	700.9237875288684	K	nitrogen regulatory protein	MHS440	fungi_OG
3NXG1|Fungi	1439	1307.2064162571749	A	Involved in nucleolar processing of pre-18S ribosomal RNA	MHS440	fungi_OG
3NXG4|Fungi	167	333.17326716754775	U	Belongs to the SNF7 family	MHS440	fungi_OG
3NXG5|Fungi	393	371.47824363921984	U	Exocyst complex component EXO84	MHS440	fungi_OG
3NXG9|Fungi	2404	1954.575490080674	S	nad binding dehydrogenase	MHS440	fungi_OG
3NXGA|Fungi	5	21.09704641350211	S	Bar domain protein	MHS440	fungi_OG
3NXGJ|Fungi	3143	3915.9394246867428	S	Gpr fun34 family protein	MHS440	fungi_OG
3NXGM|Fungi	6442	12681.933906113834	J	60S ribosomal protein	MHS440	fungi_OG
3NXGZ|Fungi	5964	8368.312757201646	S	reductase	MHS440	fungi_OG
3NXHB|Fungi	587	344.5417923266025	H	gtp cyclohydrolase ii	MHS440	fungi_OG
3NXHC|Fungi	1078	883.4645911103221	M	Chitin Synthase	MHS440	fungi_OG
3NXHE|Fungi	304	160.13931888544892	L	DNA repair protein	MHS440	fungi_OG
3NXHG|Fungi	5362	7594.483344391393	C	reductase complex core protein 2	MHS440	fungi_OG
3NXHJ|Fungi	2659	2263.5666422164345	K	Enhancer of polycomb-like protein	MHS440	fungi_OG
3NXHK|Fungi	173	161.3683725218995	C	endonuclease lcl3	MHS440	fungi_OG
3NXHQ|Fungi	87	358.78662589545917	E	Methyltransferase domain	MHS440	fungi_OG
3NXHS|Fungi	204	432.63372430039095	U	Peroxisomal targeting signal 2 receptor	MHS440	fungi_OG
3NXHV|Fungi	5	9.980039920159681	S	Wd repeat protein	MHS440	fungi_OG
3NXI0|Fungi	441	829.7761737302285	S	protein phosphatase type 1 complex subunit hex2 reg1	MHS440	fungi_OG
3NXI3|Fungi	226	124.79681970593427	TZ	endocytosis	MHS440	fungi_OG
3NXI4|Fungi	1353	540.5341892206031	U	GARP complex component	MHS440	fungi_OG
3NXI6|Fungi	798	861.1338891645138	F	Thymidylate synthase	MHS440	fungi_OG
3NXI9|Fungi	499	1512.0368579285157	DKT	Plays a complex role in regulating the basal catalytic activity of the alpha subunit	MHS440	fungi_OG
3NXIB|Fungi	1378	2451.3000383160215	S	Required for normal levels of the cell wall 1,6-beta- glucan. Involved in a protein folding machinery chaperoning proteins acting in various physiological processes including cell wall synthesis and lysis of autophagic bodies	MHS440	fungi_OG
3NXIC|Fungi	527	358.5710224476957	BK	Transcriptional activator SPT7	MHS440	fungi_OG
3NXII|Fungi	664	1108.4380381015048	I	o-acyltransferase	MHS440	fungi_OG
3NXIM|Fungi	196	287.0175020362755	O	cofactor b	MHS440	fungi_OG
3NXIN|Fungi	225	321.946211649088	K	Saga-like transcriptional regulatory complex subunit spt3	MHS440	fungi_OG
3NXIQ|Fungi	393	574.4877434553873	U	Peroxisomal membrane protein (Pex16)	MHS440	fungi_OG
3NXIW|Fungi	35	111.11111111111111	G	amidohydrolase	MHS440	fungi_OG
3NXIX|Fungi	484	654.0343286892028	S	GTP-binding protein	MHS440	fungi_OG
3NXIZ|Fungi	442	355.09827925148403	K	RNA polymerase III transcription factor	MHS440	fungi_OG
3NXJ0|Fungi	206	150.29866799040292	Z	Noc1p protein	MHS440	fungi_OG
3NXJ6|Fungi	395	304.605916920114	D	cohesin complex	MHS440	fungi_OG
3NXJE|Fungi	1343	1491.5066137979352	A	CCR4-NOT transcription complex, subunit 7	MHS440	fungi_OG
3NXJN|Fungi	580	729.7078760057403	T	suppressor of glycerol defect protein	MHS440	fungi_OG
3NXJR|Fungi	69	127.77777777777777	S	fungal protein	MHS440	fungi_OG
3NXJY|Fungi	558	750.2959458817131	H	Catalyzes the prenylation of para-hydroxybenzoate (PHB) with an all-trans polyprenyl group. Mediates the second step in the final reaction sequence of coenzyme Q (CoQ) biosynthesis, which is the condensation of the polyisoprenoid side chain with PHB, generating the first membrane-bound Q intermediate	MHS440	fungi_OG
3NXJZ|Fungi	141	153.35850678455208	L	dna-3-methyladenine glycosylase	MHS440	fungi_OG
3NXK1|Fungi	780	401.2317392429661	G	Belongs to the glycosyl hydrolase 47 family	MHS440	fungi_OG
3NXK3|Fungi	3938	5437.931310814904	J	DNA-binding protein	MHS440	fungi_OG
3NXK5|Fungi	287	575.3623967285346	S	Telomere stability and silencing	MHS440	fungi_OG
3NXK7|Fungi	439	247.18468468468467	T	IZH family channel protein	MHS440	fungi_OG
3NXK8|Fungi	244	288.92672183615804	S	UPF0052 domain protein	MHS440	fungi_OG
3NXK9|Fungi	589	1612.3039864066373	F	-glutamine	MHS440	fungi_OG
3NXKC|Fungi	1573	2097.406118447227	J	Belongs to the universal ribosomal protein uL3 family	MHS440	fungi_OG
3NXKE|Fungi	216	345.31192321889995	A	U5 snRNP complex subunit	MHS440	fungi_OG
3NXKK|Fungi	460	173.2766477528422	S	Microtubule binding protein that promotes the stabilization of dynamic microtubules. Required for mitotic spindle formation (By similarity)	MHS440	fungi_OG
3NXKN|Fungi	691	1055.9387937376168	O	20S-pre-rRNA D-site endonuclease NOB1	MHS440	fungi_OG
3NXKP|Fungi	3026	1718.666857861672	K	DNA-dependent RNA polymerase catalyzes the transcription of DNA into RNA using the four ribonucleoside triphosphates as substrates	MHS440	fungi_OG
3NXKV|Fungi	459	1000.2656823155124	U	Protein transport protein SEC9	MHS440	fungi_OG
3NXKW|Fungi	344	679.7406154556018	IKT	Belongs to the protein kinase superfamily	MHS440	fungi_OG
3NXKY|Fungi	394	406.7094090977624	L	RNA polymerase II	MHS440	fungi_OG
3NXKZ|Fungi	491	305.61799590385897	J	Mitochondrial protein cyt-4	MHS440	fungi_OG
3NXM3|Fungi	3502	2968.0139471745647	J	Belongs to the class-I aminoacyl-tRNA synthetase family	MHS440	fungi_OG
3NXMP|Fungi	688	508.45889989140454	S	WD domain, G-beta repeat	MHS440	fungi_OG
3NXMR|Fungi	153	105.37092396156375	O	Belongs to the peptidase C19 family	MHS440	fungi_OG
3NXMU|Fungi	1116	1639.0550026423814	C	L-galactose dehydrogenase	MHS440	fungi_OG
3NXMY|Fungi	520	500.9965833643669	S	Histone deacetylation protein Rxt3	MHS440	fungi_OG
3NXMZ|Fungi	883	1141.1982365946058	K	Belongs to the EFR3 family	MHS440	fungi_OG
3NXN0|Fungi	10	14.367816091954024	D	HEAT repeat protein	MHS440	fungi_OG
3NXN4|Fungi	235	228.16300436898163	C	nuclear protein SNF4	MHS440	fungi_OG
3NXN8|Fungi	6607	6123.274480192845	O	Belongs to the ClpA ClpB family	MHS440	fungi_OG
3NXNA|Fungi	120	193.19715846661956	L	The GINS complex plays an essential role in the initiation of DNA replication	MHS440	fungi_OG
3NXNB|Fungi	1212	1210.4025763989616	U	Belongs to the STXBP unc-18 SEC1 family	MHS440	fungi_OG
3NXNC|Fungi	1810	2914.3946735544437	T	Histidine kinase	MHS440	fungi_OG
3NXND|Fungi	229	411.6616046213288	O	DnaJ domain protein	MHS440	fungi_OG
3NXNI|Fungi	1513	1460.9279811283975	I	squalene	MHS440	fungi_OG
3NXNK|Fungi	506	350.4629455537589	H	Biotin apoprotein ligase	MHS440	fungi_OG
3NXNP|Fungi	111	213.4060017769291	EG	Vacuolar membrane protein	MHS440	fungi_OG
3NXNR|Fungi	850	576.033197315696	T	Filamentation protein	MHS440	fungi_OG
3NXNS|Fungi	794	803.1657145011973	J	Constitutes one of the two catalytic subunit of the tRNA-splicing endonuclease complex, a complex responsible for identification and cleavage of the splice sites in pre-tRNA. It cleaves pre-tRNA at the 5'- and 3'-splice sites to release the intron. The products are an intron and two tRNA half-molecules bearing 2',3'-cyclic phosphate and 5'-OH termini. There are no conserved sequences at the splice sites, but the intron is invariably located at the same site in the gene, placing the splice sites an invariant distance from the constant structural features of the tRNA body	MHS440	fungi_OG
3NXNU|Fungi	140	317.1231458537493	A	u3 small nucleolar ribonucleoprotein	MHS440	fungi_OG
3NXP4|Fungi	237	251.6262942390543	T	Leucine-rich repeat protein	MHS440	fungi_OG
3NXP5|Fungi	941	1117.841493803181	G	Alpha-trehalose glucohydrolase	MHS440	fungi_OG
3NXP6|Fungi	63	190.717229552181	L	DNA repair and recombination protein	MHS440	fungi_OG
3NXP7|Fungi	3	12.048192771084338	G	transporter	MHS440	fungi_OG
3NXPE|Fungi	315	329.3246401900565	H	CobW domain protein	MHS440	fungi_OG
3NXPH|Fungi	8331	7081.859971711458	O	Belongs to the peptidase A1 family	MHS440	fungi_OG
3NXPR|Fungi	1	3.546099290780142	S	Arylsulfotransferase (ASST)	MHS440	fungi_OG
3NXPS|Fungi	252	270.5839558210248	D	Belongs to the cyclin family	MHS440	fungi_OG
3NXPT|Fungi	202	389.27129708147834	DL	Checkpoint protein	MHS440	fungi_OG
3NXQ1|Fungi	565	417.5633814298525	GT	camp-independent regulatory protein PAC2	MHS440	fungi_OG
3NXQD|Fungi	264	185.66110026747631	KL	RNA polymerase ii transcription factor	MHS440	fungi_OG
3NXQF|Fungi	1925	4501.272204951768	A	rna annealing protein	MHS440	fungi_OG
3NXQT|Fungi	48	91.95402298850574	S	pentatricopeptide repeat protein	MHS440	fungi_OG
3NXQX|Fungi	132	318.01569182136194	U	Belongs to the VPS29 family	MHS440	fungi_OG
3NXR2|Fungi	881	968.1429407783756	J	ribosomal protein	MHS440	fungi_OG
3NXR6|Fungi	314	273.6076825000678	I	acyl-CoA thioesterase II	MHS440	fungi_OG
3NXR7|Fungi	3295	1830.0109780892235	J	Ribosome biogenesis protein bms1	MHS440	fungi_OG
3NXRA|Fungi	1548	1114.5173954569811	U	Cytoskeleton assembly control protein	MHS440	fungi_OG
3NXRC|Fungi	267	324.94842530303004	J	Constitutes one of the two catalytic subunit of the tRNA-splicing endonuclease complex, a complex responsible for identification and cleavage of the splice sites in pre-tRNA. It cleaves pre-tRNA at the 5'- and 3'-splice sites to release the intron. The products are an intron and two tRNA half-molecules bearing 2',3'-cyclic phosphate and 5'-OH termini. There are no conserved sequences at the splice sites, but the intron is invariably located at the same site in the gene, placing the splice sites an invariant distance from the constant structural features of the tRNA body	MHS440	fungi_OG
3NXRG|Fungi	285	555.2430259384084	S	ribosomal protein	MHS440	fungi_OG
3NXRH|Fungi	429	525.9065093927479	S	DUF1741	MHS440	fungi_OG
3NXRM|Fungi	16	22.801635991820042	A	Meiotic recombination protein dmc1	MHS440	fungi_OG
3NXRR|Fungi	883	2222.7386404119998	U	GTP-binding protein	MHS440	fungi_OG
3NXRY|Fungi	118	471.40195566397523	O	Belongs to the ubiquitin-conjugating enzyme family	MHS440	fungi_OG
3NXS0|Fungi	394	215.94263533948018	S	Ino80 chromatin remodeling complex	MHS440	fungi_OG
3NXS2|Fungi	94	185.40433925049308	U	mitotic check point protein	MHS440	fungi_OG
3NXS6|Fungi	170	176.08812755871577	L	Belongs to the helicase family. RecQ subfamily	MHS440	fungi_OG
3NXSA|Fungi	1772	942.532501003724	S	cell polarity protein	MHS440	fungi_OG
3NXSD|Fungi	813	1971.378574421881	C	subunit e	MHS440	fungi_OG
3NXSF|Fungi	73	284.98062015503876	U	Nonessential protein required for the fusion of transport vesicles derived from the endocytic pathway with the Golgi complex	MHS440	fungi_OG
3NXSP|Fungi	10839	21017.399498822604	J	60s ribosomal protein	MHS440	fungi_OG
3NXSQ|Fungi	161	583.3033538724533	O	Belongs to the ubiquitin-conjugating enzyme family	MHS440	fungi_OG
3NXSS|Fungi	242	248.45424516700524	O	Peroxisomal biogenesis factor 2	MHS440	fungi_OG
3NXST|Fungi	154	244.86934311610275	I	Acyl-CoA thioesterase	MHS440	fungi_OG
3NXSV|Fungi	284	484.3668921484035	E	S-adenosyl-L-methionine-dependent protein-arginine N- methyltransferase that methylates the delta-nitrogen atom of arginine residues to form N5-methylarginine (type IV) in target proteins. Monomethylates ribosomal protein L12	MHS440	fungi_OG
3NXSX|Fungi	559	745.8669894789019	O	regulatory subunit	MHS440	fungi_OG
3NXTC|Fungi	399	630.8762802264324	S	Cell cycle control protein	MHS440	fungi_OG
3NXTG|Fungi	592	695.216027622834	U	E2 conjugating enzyme required for the cytoplasm to vacuole transport (Cvt) and autophagy. Required for selective autophagic degradation of the nucleus (nucleophagy) as well as for mitophagy which contributes to regulate mitochondrial quantity and quality by eliminating the mitochondria to a basal level to fulfill cellular energy requirements and preventing excess ROS production. Responsible for the E2-like covalent binding of phosphatidylethanolamine to the C-terminal Gly of ATG8. The ATG12- ATG5 conjugate plays a role of an E3 and promotes the transfer of ATG8 from ATG3 to phosphatidylethanolamine (PE). This step is required for the membrane association of ATG8. The formation of the ATG8-phosphatidylethanolamine conjugate is essential for autophagy and for the cytoplasm to vacuole transport (Cvt). The ATG8-PE conjugate mediates tethering between adjacent membranes and stimulates membrane hemifusion, leading to expansion of the autophagosomal membrane during autophagy (By similarity)	MHS440	fungi_OG
3NXTJ|Fungi	117	123.79227053140097	B	Belongs to the MYST (SAS MOZ) family	MHS440	fungi_OG
3NXTM|Fungi	143	117.70440251572327	O	spindle poison sensitivity protein	MHS440	fungi_OG
3NXTP|Fungi	672	867.5969778319391	H	Converts protoheme IX and farnesyl diphosphate to heme O	MHS440	fungi_OG
3NXTX|Fungi	755	970.9050346990316	H	Belongs to the FPP GGPP synthase family	MHS440	fungi_OG
3NXU0|Fungi	9736	8015.2968510335595	S	Belongs to the histidine acid phosphatase family	MHS440	fungi_OG
3NXU1|Fungi	152	218.9043079863153	S	NA	MHS440	fungi_OG
3NXU3|Fungi	2239	1975.7052451087623	J	Belongs to the class-I aminoacyl-tRNA synthetase family	MHS440	fungi_OG
3NXU4|Fungi	350	1012.9631532485041	O	DnaJ domain-containing protein	MHS440	fungi_OG
3NXU5|Fungi	763	684.8216990797353	D	striatin pro11	MHS440	fungi_OG
3NXU7|Fungi	166	216.02787456445995	U	membrane associated DnaJ chaperone	MHS440	fungi_OG
3NXUB|Fungi	105	296.4349941817413	O	caax prenyl	MHS440	fungi_OG
3NXUE|Fungi	326	571.370737135889	U	translocation protein Sec66	MHS440	fungi_OG
3NXUI|Fungi	528	549.7689066311821	S	Transcriptional co-activator	MHS440	fungi_OG
3NXUN|Fungi	65	188.40579710144928	D	Mob1 family	MHS440	fungi_OG
3NXUU|Fungi	519	1136.256350312458	S	NA	MHS440	fungi_OG
3NXUY|Fungi	889	1009.417714323824	I	Phosphatidate cytidylyltransferase	MHS440	fungi_OG
3NXV0|Fungi	106	210.3174603174603	S	May be involved in the degradation of misfolded endoplasmic reticulum (ER) luminal proteins	MHS440	fungi_OG
3NXV1|Fungi	2	9.523809523809524	I	isomerase	MHS440	fungi_OG
3NXV8|Fungi	10552	14465.714792817887	H	Key enzyme for ketone body catabolism. Transfers the CoA moiety from succinate to acetoacetate. Formation of the enzyme-CoA intermediate proceeds via an unstable anhydride species formed between the carboxylate groups of the enzyme and substrate	MHS440	fungi_OG
3NXVA|Fungi	450	338.7208468342488	S	NA	MHS440	fungi_OG
3NXVD|Fungi	703	492.4118466612655	S	High-temperature-induced dauer-formation protein	MHS440	fungi_OG
3NXVE|Fungi	56	144.992260995127	S	MRNA capping	MHS440	fungi_OG
3NXVJ|Fungi	62	170.79889807162536	L	mating-type switching protein swi10	MHS440	fungi_OG
3NXVM|Fungi	108	108.07105564805454	K	FF domain protein	MHS440	fungi_OG
3NXVX|Fungi	703	645.8461472546447	A	ATP-binding RNA helicase involved in the biogenesis of 60S ribosomal subunits. Binds 90S pre-ribosomal particles and dissociates from pre-60S ribosomal particles after processing of 27SB pre-rRNA. Required for the normal formation of 18S rRNA through the processing of pre-rRNAs at sites A0, A1 and A2, and the normal formation of 25S and 5.8S rRNAs through the processing of pre-rRNAs at sites C1 and C2	MHS440	fungi_OG
3NXVY|Fungi	717	496.69928314523844	L	BRCT domain-containing protein	MHS440	fungi_OG
3NXW0|Fungi	241	261.0295291526672	J	pseudouridine synthase	MHS440	fungi_OG
3NXW8|Fungi	1825	1883.1691348248175	A	Belongs to the RNase T2 family	MHS440	fungi_OG
3NXWA|Fungi	13383	18446.144660189693	G	Belongs to the glycosyl hydrolase 5 (cellulase A) family	MHS440	fungi_OG
3NXWB|Fungi	607	285.91238235049144	D	Double-strand-break repair protein Rad21	MHS440	fungi_OG
3NXWE|Fungi	412	586.0735417675129	S	Predicted integral membrane zinc-ribbon metal-binding protein	MHS440	fungi_OG
3NXWM|Fungi	75	73.09941520467837	T	endosome-associated ubiquitin isopeptidase	MHS440	fungi_OG
3NXWP|Fungi	144	137.8528045947986	D	Chromosome segregation protein	MHS440	fungi_OG
3NXWQ|Fungi	3790	2572.7064615341114	F	bifunctional purine biosynthetic protein	MHS440	fungi_OG
3NXWR|Fungi	725	582.1312907038912	J	Translation Initiation Factor	MHS440	fungi_OG
3NXWX|Fungi	3199	898.5718246480078	Q	Peptide synthetase	MHS440	fungi_OG
3NXX3|Fungi	321	288.5310565036887	Z	U4 U6.U5 tri-snRNP-associated protein	MHS440	fungi_OG
3NXX4|Fungi	236	217.31123388581952	P	Cation efflux family protein	MHS440	fungi_OG
3NXX7|Fungi	202	281.80406020675986	O	Mitochondrial ATPase	MHS440	fungi_OG
3NXX8|Fungi	183	150.47928223700572	A	Mrna binding post-transcriptional regulator	MHS440	fungi_OG
3NXX9|Fungi	23	52.40871021775545	O	Monothiol	MHS440	fungi_OG
3NXXB|Fungi	1761	4712.841594832921	J	Belongs to the universal ribosomal protein uS19 family	MHS440	fungi_OG
3NXXF|Fungi	184	370.9282380066677	J	methyltransferase activity	MHS440	fungi_OG
3NXXN|Fungi	1795	1391.7169930042887	B	Chromodomain Helicase	MHS440	fungi_OG
3NXXS|Fungi	14392	16175.369469749108	C	dihydrolipoyl dehydrogenase	MHS440	fungi_OG
3NXXZ|Fungi	2121	2465.574060028667	A	heterogeneous nuclear ribonucleoprotein HRP1	MHS440	fungi_OG
3NXY4|Fungi	373	218.28541247974988	Q	Carbohydrate esterase family 9 protein	MHS440	fungi_OG
3NXY5|Fungi	97	68.0701754385965	O	Tubulin-specific chaperone	MHS440	fungi_OG
3NXYE|Fungi	13	45.6140350877193	O	Proteasome regulatory particle	MHS440	fungi_OG
3NXYF|Fungi	245	405.2827311787433	S	NA	MHS440	fungi_OG
3NXYK|Fungi	273	647.3027317689282	E	D-aminoacid oxidase	MHS440	fungi_OG
3NXYN|Fungi	956	354.98873563830887	U	sec20 domain-containing protein	MHS440	fungi_OG
3NXYQ|Fungi	268	473.6844528992496	S	Lalv9 family	MHS440	fungi_OG
3NXYT|Fungi	1201	1788.2769550817975	A	ntf2 and rrm domain-containing protein	MHS440	fungi_OG
3NXZ6|Fungi	437	206.21983530547791	U	Domain in Tre-2, BUB2p, and Cdc16p. Probable Rab-GAPs.	MHS440	fungi_OG
3NXZ8|Fungi	1542	1554.0444275737816	E	Sphingosine-1-phosphate lyase	MHS440	fungi_OG
3NXZB|Fungi	1096	1555.2710876667788	U	translocation protein	MHS440	fungi_OG
3NXZC|Fungi	95	98.34368530020704	MO	N-acetylglucosaminyl transferase component gpi1	MHS440	fungi_OG
3NXZF|Fungi	200	165.8562705363567	T	IKS protein kinase	MHS440	fungi_OG
3NXZN|Fungi	1	4.975124378109452	U	Belongs to the small GTPase superfamily. Arf family	MHS440	fungi_OG
3NXZQ|Fungi	102	88.54166666666667	IKOT	Adds the third glucose residue to the lipid-linked oligosaccharide precursor for N-linked glycosylation. Transfers glucose from dolichyl phosphate glucose (Dol-P-Glc) onto the lipid-linked oligosaccharide Glc(2)Man(9)GlcNAc(2)-PP-Dol	MHS440	fungi_OG
3NXZR|Fungi	1463	2634.3291242061086	O	Peptidyl-prolyl cis-trans isomerase	MHS440	fungi_OG
3NXZY|Fungi	322	105.0943803245725	S	Wd repeat protein	MHS440	fungi_OG
3NY04|Fungi	1568	773.1003333494656	E	L-serine ammonia-lyase	MHS440	fungi_OG
3NY08|Fungi	538	869.1735045375997	T	dehydrogenase kinase	MHS440	fungi_OG
3NY0E|Fungi	220	200.7769303699229	S	WD repeat-containing protein	MHS440	fungi_OG
3NY0G|Fungi	3822	4665.080519700506	C	electron transfer flavoprotein-ubiquinone oxidoreductase	MHS440	fungi_OG
3NY0J|Fungi	558	658.621564489775	C	Belongs to the mitochondrial carrier (TC 2.A.29) family	MHS440	fungi_OG
3NY0K|Fungi	584	484.2085561836604	D	Cop9 signalosome complex subunit 12	MHS440	fungi_OG
3NY0Q|Fungi	117	84.78260869565219	A	ATP-dependent RNA helicase mrh-4	MHS440	fungi_OG
3NY0R|Fungi	3011	3232.0084776131907	O	Belongs to the protein disulfide isomerase family	MHS440	fungi_OG
3NY0S|Fungi	299	360.12413914111505	E	2-dehydropantoate 2-reductase	MHS440	fungi_OG
3NY0T|Fungi	58	77.02523240371846	L	DNA replication complex GINS protein psf1	MHS440	fungi_OG
3NY0X|Fungi	287	307.5064486091195	S	NA	MHS440	fungi_OG
3NY0Z|Fungi	482	506.7083042443208	J	Translation Initiation Factor	MHS440	fungi_OG
3NY14|Fungi	1423	1325.831386885427	I	Belongs to the CDS family	MHS440	fungi_OG
3NY1E|Fungi	234	84.32432432432432	U	TGF BETA receptor associated protein	MHS440	fungi_OG
3NY1P|Fungi	934	1856.3631620416265	G	6-phosphogluconolactonase	MHS440	fungi_OG
3NY1Q|Fungi	482	1619.3703299948588	U	g2 m phase checkpoint control protein	MHS440	fungi_OG
3NY1T|Fungi	23	47.91666666666667	L	chitin biosynthesis protein	MHS440	fungi_OG
3NY1X|Fungi	435	414.02915663892816	I	Alpha beta hydrolase	MHS440	fungi_OG
3NY20|Fungi	285	453.5572717320559	C	Mitochondrial metallochaperone Sco1	MHS440	fungi_OG
3NY21|Fungi	200	541.0499185492749	FJ	Cyclin-dependent protein kinase regulator Pho80	MHS440	fungi_OG
3NY27|Fungi	697	880.4837827352931	A	u3 small nucleolar ribonucleoprotein	MHS440	fungi_OG
3NY2A|Fungi	8473	3239.255992016496	J	Initiation factor	MHS440	fungi_OG
3NY2B|Fungi	99	118.57160091687778	K	Belongs to the cyclin family	MHS440	fungi_OG
3NY2K|Fungi	271	567.3180905834489	K	Transcriptional activator	MHS440	fungi_OG
3NY2X|Fungi	166	159.92292870905587	L	nadh pyrophosphatase	MHS440	fungi_OG
3NY2Z|Fungi	655	397.8052901065962	A	Rho-GTPase-activating protein	MHS440	fungi_OG
3NY30|Fungi	879	784.1746181677393	AB	Pre-mRNA-processing protein 45	MHS440	fungi_OG
3NY31|Fungi	1246	1389.974902396015	A	ccch zinc finger and rrm	MHS440	fungi_OG
3NY37|Fungi	15	31.476803400296724	L	DNA repair protein	MHS440	fungi_OG
3NY3C|Fungi	947	379.87026574597195	AT	YT521-B-like splicing factor	MHS440	fungi_OG
3NY3H|Fungi	108	270.4394014360502	G	phosphoglycerate mutase family protein	MHS440	fungi_OG
3NY3N|Fungi	1393	875.7887721361461	S	Alkaline phosphatase family protein	MHS440	fungi_OG
3NY3S|Fungi	655	991.5835205656707	S	Peroxisomal membrane protein	MHS440	fungi_OG
3NY3T|Fungi	379	691.8718885753665	A	Cwf15 Cwc15 cell cycle control	MHS440	fungi_OG
3NY3W|Fungi	16773	25663.172623245333	O	Belongs to the chaperonin (HSP60) family	MHS440	fungi_OG
3NY41|Fungi	81	72.58064516129032	S	CELL division control protein	MHS440	fungi_OG
3NY46|Fungi	410	428.89368120407977	S	Domain of unknown function (DUF5102)	MHS440	fungi_OG
3NY47|Fungi	509	284.675615212528	S	alpha beta-hydrolase	MHS440	fungi_OG
3NY4C|Fungi	2686	3044.515762801903	F	bifunctional purine biosynthesis protein	MHS440	fungi_OG
3NY4E|Fungi	226	887.1277568511846	Q	Catalyzes the hydroxylation of 2-polyprenyl-3-methyl-6- methoxy-1,4-benzoquinol (DMQH2) during ubiquinone biosynthesis. Has also a structural role in the COQ enzyme complex, stabilizing other COQ polypeptides	MHS440	fungi_OG
3NY4F|Fungi	745	501.16100354359196	V	Fungal domain of unknown function (DUF1712)	MHS440	fungi_OG
3NY4H|Fungi	208	230.53496223591242	L	Cut9 interacting protein scn1	MHS440	fungi_OG
3NY4M|Fungi	371	168.19195687044999	U	SH3 domain-containing protein	MHS440	fungi_OG
3NY4U|Fungi	574	380.1113062445007	T	nucleotide exchange factor	MHS440	fungi_OG
3NY56|Fungi	100	165.77483122739906	BK	MACRO domain-containing protein	MHS440	fungi_OG
3NY58|Fungi	273	284.86262169179156	U	Component of the ERMES MDM complex, which serves as a molecular tether to connect the endoplasmic reticulum and mitochondria. Components of this complex are involved in the control of mitochondrial shape and protein biogenesis and may function in phospholipid exchange. mdm34 is required for the interaction of the ER-resident membrane protein mmm1 and the outer mitochondrial membrane-resident beta-barrel protein mdm10	MHS440	fungi_OG
3NY5F|Fungi	257	503.3737212508162	G	S-adenosyl-L-methionine-dependent protein methyltransferase that trimethylates the N-terminal glycine 'Gly- 2' of elongation factor 1-alpha, before also catalyzing the mono- and dimethylation of 'Lys-3'	MHS440	fungi_OG
3NY5G|Fungi	2448	3010.1879949309996	S	integral membrane protein	MHS440	fungi_OG
3NY5H|Fungi	546	599.0286248575586	G	galactosyltransferase activity	MHS440	fungi_OG
3NY5I|Fungi	379	212.75142114773342	J	37S ribosomal protein RSM22	MHS440	fungi_OG
3NY5P|Fungi	215	175.26681913474368	S	to Saccharomyces cerevisiae ZDS2 (YML109W) and ZDS1 (YMR273C)	MHS440	fungi_OG
3NY5Q|Fungi	96	155.47512168092052	T	rRNA-processing protein utp23	MHS440	fungi_OG
3NY5S|Fungi	3018	2093.079177612729	O	Tripeptidyl peptidase II	MHS440	fungi_OG
3NY5W|Fungi	164	373.2857975543268	Z	Functions as actin-binding component of the Arp2 3 complex which is involved in regulation of actin polymerization and together with an activating nucleation-promoting factor (NPF) mediates the formation of branched actin networks. Seems to contact the mother actin filament	MHS440	fungi_OG
3NY66|Fungi	199	623.0944499725044	S	Zinc Finger Protein	MHS440	fungi_OG
3NY67|Fungi	36	96	O	F1F0 ATP synthase assembly protein Atp10	MHS440	fungi_OG
3NY68|Fungi	93	89.85507246376812	S	to Saccharomyces cerevisiae IVY1 (YDR229W)	MHS440	fungi_OG
3NY6E|Fungi	3469	3986.699019916304	S	Nuclear segregation protein	MHS440	fungi_OG
3NY6F|Fungi	779	1504.3103607350895	U	vacuolar protein sorting-associated protein	MHS440	fungi_OG
3NY6I|Fungi	221	215.5488249890527	S	Elongation factor-2 kinase	MHS440	fungi_OG
3NY6M|Fungi	376	467.5674276543977	G	conidiophore development protein hyma	MHS440	fungi_OG
3NY6R|Fungi	583	402.04152803145115	JKL	DUF221-domain-containing protein	MHS440	fungi_OG
3NY6X|Fungi	535	229.92704480065763	U	Vacuolar morphogenesis protein AvaB	MHS440	fungi_OG
3NY72|Fungi	382	275.0841417122232	OTU	Serine threonine protein kinase involved in the cytoplasm to vacuole transport (Cvt) and found to be essential in autophagy, where it is required for the formation of autophagosomes. Involved in the clearance of protein aggregates which cannot be efficiently cleared by the proteasome. Required for selective autophagic degradation of the nucleus (nucleophagy) as well as for mitophagy which contributes to regulate mitochondrial quantity and quality by eliminating the mitochondria to a basal level to fulfill cellular energy requirements and preventing excess ROS production. Also involved in endoplasmic reticulum-specific autophagic process, in selective removal of ER- associated degradation (ERAD) substrates. Plays a key role in ATG9 and ATG23 cycling through the pre-autophagosomal structure and is necessary to promote ATG18 binding to ATG9 through phosphorylation of ATG9	MHS440	fungi_OG
3NY78|Fungi	552	453.62854355129036	DU	Rint-1 family	MHS440	fungi_OG
3NY79|Fungi	1969	2016.7411926704708	C	subunit H	MHS440	fungi_OG
3NY7A|Fungi	578	795.2102061832643	S	DUF500 domain protein	MHS440	fungi_OG
3NY7B|Fungi	259	1004.9971491922712	I	Alpha beta hydrolase	MHS440	fungi_OG
3NY7P|Fungi	618	1104.6848913344495	G	Duf410 domain-containing protein	MHS440	fungi_OG
3NY7W|Fungi	2943	1667.7478370964889	S	ser thr protein phosphatase	MHS440	fungi_OG
3NY7X|Fungi	215	176.38383064774806	Z	Belongs to the TRAFAC class myosin-kinesin ATPase superfamily. Kinesin family	MHS440	fungi_OG
3NY7Y|Fungi	331	344.289847696846	DU	Leucine permease transcriptional regulator	MHS440	fungi_OG
3NY8A|Fungi	18486	16006.44513131262	S	Carbohydrate esterase family 4 protein	MHS440	fungi_OG
3NY8B|Fungi	1904	462.4896682705138	S	Mus7 MMS22 family protein	MHS440	fungi_OG
3NY8P|Fungi	464	769.0284211128268	U	Belongs to the synaptobrevin family	MHS440	fungi_OG
3NY8R|Fungi	331	250.36040566591234	S	SnoRNP assembly factor Naf1	MHS440	fungi_OG
3NY8S|Fungi	1898	842.9333414323883	L	DNA polymerase	MHS440	fungi_OG
3NY8V|Fungi	441	452.2193008653357	S	Pre-mrna-splicing factor cwc25	MHS440	fungi_OG
3NY8Z|Fungi	2515	1483.3841668190105	TU	domain-containing protein	MHS440	fungi_OG
3NY90|Fungi	185	178.743961352657	E	Histidinol-phosphatase	MHS440	fungi_OG
3NY94|Fungi	273	663.2196375060354	T	C-8 sterol isomerase	MHS440	fungi_OG
3NY9E|Fungi	728	615.524859852941	U	Guanine nucleotide exchange factor Vps9	MHS440	fungi_OG
3NY9F|Fungi	716	296.5508315537436	S	HEAT repeat protein	MHS440	fungi_OG
3NY9G|Fungi	843	1696.097972637453	IQ	PQ loop repeat protein	MHS440	fungi_OG
3NY9J|Fungi	915	1437.4925988849764	T	glucosidase 2 subunit beta	MHS440	fungi_OG
3NY9Y|Fungi	2695	4959.329908208607	B	ribosome assembly protein rrb1	MHS440	fungi_OG
3NYA0|Fungi	1083	860.7094119845108	B	sas10 utp3 family protein	MHS440	fungi_OG
3NYA1|Fungi	14	29.27374911333006	EI	NAD dependent epimerase dehydratase family protein	MHS440	fungi_OG
3NYA2|Fungi	172	351.9179483880872	Q	3-ketodihydrosphingosine reductase tsc-10	MHS440	fungi_OG
3NYA4|Fungi	270	391.304347826087	J	ribosomal protein	MHS440	fungi_OG
3NYA6|Fungi	102	199.13461370275138	D	Maintenance of ploidy protein mob2	MHS440	fungi_OG
3NYAC|Fungi	694	846.2669188810268	S	Predicted ATPase of the ABC class	MHS440	fungi_OG
3NYAG|Fungi	766	209.37137496374964	U	cell morphogenesis protein	MHS440	fungi_OG
3NYAH|Fungi	150	166.35282804667534	K	BZIP transcription factor	MHS440	fungi_OG
3NYAM|Fungi	271	428.8859901399528	O	CDK-activating kinase assembly factor	MHS440	fungi_OG
3NYAN|Fungi	983	1122.3909468168267	MOT	ubiquitin-protein ligase Sel1	MHS440	fungi_OG
3NYAP|Fungi	968	1173.6375767838417	J	Ribosome biogenesis protein nsa-2	MHS440	fungi_OG
3NYAR|Fungi	162	97.89058480535071	L	DNA repair protein rad16	MHS440	fungi_OG
3NYAS|Fungi	2494	5892.432228309558	U	Component of the nascent polypeptide-associated complex (NAC), a dynamic component of the ribosomal exit tunnel, protecting the emerging polypeptides from interaction with other cytoplasmic proteins to ensure appropriate nascent protein targeting. The NAC complex also promotes mitochondrial protein import by enhancing productive ribosome interactions with the outer mitochondrial membrane and blocks the inappropriate interaction of ribosomes translating non-secretory nascent polypeptides with translocation sites in the membrane of the endoplasmic reticulum. Egd2 may also be involved in transcription regulation (By similarity)	MHS440	fungi_OG
3NYAV|Fungi	1145	797.4432611647815	S	Transcription factor Rba50	MHS440	fungi_OG
3NYB3|Fungi	137	190.36738818013868	I	tafazzin	MHS440	fungi_OG
3NYBK|Fungi	479	389.6276595744681	T	tor signaling pathway	MHS440	fungi_OG
3NYBP|Fungi	79	147.17317252253878	S	duf602 domain-containing protein	MHS440	fungi_OG
3NYBY|Fungi	13	18.678160919540232	S	NA	MHS440	fungi_OG
3NYC8|Fungi	773	730.2176738874334	O	disulfide isomerase	MHS440	fungi_OG
3NYCI|Fungi	427	360.6187752403209	HK	Phosphomethylpyrimidine kinase	MHS440	fungi_OG
3NYCM|Fungi	479	749.4008054120482	S	rwd domain-containing protein	MHS440	fungi_OG
3NYCP|Fungi	184	252.54614510809276	T	Gtpase-activating protein	MHS440	fungi_OG
3NYCQ|Fungi	259	587.2916324182147	S	protein-histidine N-methyltransferase activity	MHS440	fungi_OG
3NYCY|Fungi	274	530.1127110057294	B	Chromatin modification-related protein	MHS440	fungi_OG
3NYD6|Fungi	699	709.6243567124201	S	nulp1-pending protein	MHS440	fungi_OG
3NYD8|Fungi	1341	772.98775859099635	E	PHD finger and SET	MHS440	fungi_OG
3NYDF|Fungi	8624	17331.636575872708	C	atp synthase	MHS440	fungi_OG
3NYDG|Fungi	158	265.1850012494942	T	phosducin family	MHS440	fungi_OG
3NYDK|Fungi	151	203.6916928519607	J	Belongs to the universal ribosomal protein uS9 family	MHS440	fungi_OG
3NYDY|Fungi	1806	2258.0131363025844	G	glycoside hydrolase family 16 protein	MHS440	fungi_OG
3NYE6|Fungi	129	150.98028966307314	S	ercc4 domain-containing protein	MHS440	fungi_OG
3NYE9|Fungi	1479	1098.8424242791543	T	arm repeat-containing protein	MHS440	fungi_OG
3NYEI|Fungi	1232	1099.1655605787323	D	Belongs to the cyclin family	MHS440	fungi_OG
3NYEK|Fungi	177	237.68551437820773	S	Set domain-containing protein	MHS440	fungi_OG
3NYET|Fungi	826	510.8274311320803	U	oligomeric golgi complex	MHS440	fungi_OG
3NYEU|Fungi	130	101.37037873654093	Z	nuclear distribution protein	MHS440	fungi_OG
3NYEV|Fungi	281	321.60377923376046	J	NRDE-2, necessary for RNA interference	MHS440	fungi_OG
3NYEZ|Fungi	3944	3738.0451273693134	S	multidrug transporter	MHS440	fungi_OG
3NYF6|Fungi	462	459.4968004653869	I	synthetase	MHS440	fungi_OG
3NYFG|Fungi	5	17.73049645390071	O	Plays an important role in the cellular response to the nitrogen source	MHS440	fungi_OG
3NYFN|Fungi	1912	755.0818792758729	A	activating signal cointegrator 1 complex subunit 3	MHS440	fungi_OG
3NYFR|Fungi	892	1156.2825640470587	U	Belongs to the synaptobrevin family	MHS440	fungi_OG
3NYFZ|Fungi	65	136.8213251098028	T	Guanine nucleotide exchange factor	MHS440	fungi_OG
3NYG7|Fungi	223	281.7996817996818	S	ASTRA-associated protein 1	MHS440	fungi_OG
3NYGB|Fungi	338	281.1103013764855	S	Belongs to the DHHC palmitoyltransferase family	MHS440	fungi_OG
3NYGG|Fungi	63464	78685.71786123315	C	Cytochrome c oxidase is the component of the respiratory chain that catalyzes the reduction of oxygen to water. Subunits 1- 3 form the functional core of the enzyme complex. CO I is the catalytic subunit of the enzyme. Electrons originating in cytochrome c are transferred via the copper A center of subunit 2 and heme A of subunit 1 to the bimetallic center formed by heme A3 and copper B	MHS440	fungi_OG
3NYGI|Fungi	22	18.851756640959724	G	Mannosyltransferase	MHS440	fungi_OG
3NYGV|Fungi	671	837.4765761236916	A	factor 1	MHS440	fungi_OG
3NYGW|Fungi	31	94.88989271597968	O	geranylgeranyl transferase type-2 subunit	MHS440	fungi_OG
3NYH0|Fungi	1041	1375.3880951986596	J	Component of the ribosome assembly machinery. Nuclear paralog of the ribosomal protein P0, it binds pre-60S subunits at an early stage of assembly in the nucleolus, and is replaced by P0 in cytoplasmic pre-60S subunits and mature 80S ribosomes	MHS440	fungi_OG
3NYH4|Fungi	553	326.11202331424266	O	RING finger protein	MHS440	fungi_OG
3NYHA|Fungi	8	26.402640264026402	C	CELL division control protein	MHS440	fungi_OG
3NYHB|Fungi	205	173.22106138572693	DO	Belongs to the cullin family	MHS440	fungi_OG
3NYHC|Fungi	1515	601.4826300126667	S	u3 small nucleolar rna-associated protein 6	MHS440	fungi_OG
3NYHF|Fungi	641	665.0635832069815	A	Decapping Enzyme	MHS440	fungi_OG
3NYHI|Fungi	3122	5849.91675889571	O	hira-interacting protein 5	MHS440	fungi_OG
3NYHW|Fungi	328	679.8895019014763	S	duf431 domain-containing protein	MHS440	fungi_OG
3NYHY|Fungi	78	108.23558237113718	A	mRNA 3'-end-processing protein YTH1	MHS440	fungi_OG
3NYI1|Fungi	435	317.55824883932866	S	Mitochondrial import protein MMP37	MHS440	fungi_OG
3NYI5|Fungi	1143	1752.6251425208725	S	Plays an essential role in the assembly of succinate dehydrogenase (SDH), an enzyme complex (also referred to as respiratory complex II) that is a component of both the tricarboxylic acid (TCA) cycle and the mitochondrial electron transport chain, and which couples the oxidation of succinate to fumarate with the reduction of ubiquinone (coenzyme Q) to ubiquinol. Required for flavinylation (covalent attachment of FAD) of the flavoprotein subunit of the SDH catalytic dimer	MHS440	fungi_OG
3NYIA|Fungi	3528	3247.8480489835106	U	Plasma membrane osmosensor that activates the high osmolarity glycerol (HOG) MAPK signaling pathway in response to high osmolarity	MHS440	fungi_OG
3NYIP|Fungi	109	223.8722477952165	L	rna exonuclease	MHS440	fungi_OG
3NYIQ|Fungi	1281	925.3614901374127	I	platelet-activating factor acetylhydrolase	MHS440	fungi_OG
3NYIT|Fungi	549	768.3198706043933	L	rna exonuclease	MHS440	fungi_OG
3NYIV|Fungi	144	111.27635327635328	O	fha domain-containing protein	MHS440	fungi_OG
3NYJ0|Fungi	3018	2631.7577913908212	A	translation initiation factor rli1	MHS440	fungi_OG
3NYJ7|Fungi	202	112.52566403155666	S	fungal protein	MHS440	fungi_OG
3NYJB|Fungi	724	1240.2505939624862	S	golgi matrix protein	MHS440	fungi_OG
3NYJE|Fungi	979	817.7881985684703	K	Regulatory factor sgt1	MHS440	fungi_OG
3NYJU|Fungi	388	593.5113192451374	Q	short chain dehydrogenase reductase	MHS440	fungi_OG
3NYK1|Fungi	240	471.93597001480657	D	maintenance of ploidy protein Mob1	MHS440	fungi_OG
3NYK2|Fungi	308	431.711691416392	S	calcineurin binding protein	MHS440	fungi_OG
3NYK7|Fungi	881	462.6040259639833	A	nucleolar protein 12	MHS440	fungi_OG
3NYK9|Fungi	272	516.4084576082176	O	to Saccharomyces cerevisiae AIR1 (YIL079C) and AIR2 (YDL175C)	MHS440	fungi_OG
3NYKC|Fungi	200	294.9901180260595	K	Belongs to the MT-A70-like family	MHS440	fungi_OG
3NYKG|Fungi	302	328.46038777715654	D	complex protein trs85	MHS440	fungi_OG
3NYKI|Fungi	191	238.1983241122773	C	Mitochondrial carrier required for the biosynthesis of heme, possibly by facilitating 5-aminolevulinate (ALA) production. May act by importing glycine into mitochondria or by exchanging glycine for ALA across the mitochondrial inner membrane	MHS440	fungi_OG
3NYKM|Fungi	585	301.7109987129406	A	Pre-mRNA polyadenylation factor fip-1	MHS440	fungi_OG
3NYKN|Fungi	6	26.666666666666664	A	RING finger domain-containing protein	MHS440	fungi_OG
3NYKP|Fungi	274	337.85573464565744	S	cupin domain-containing protein	MHS440	fungi_OG
3NYKS|Fungi	186	156.28535692565436	G	Mannosyltransferase involved in glycosylphosphatidylinositol-anchor biosynthesis	MHS440	fungi_OG
3NYKX|Fungi	191	275.2846337101595	O	Peptidyl-prolyl isomerase CWC27	MHS440	fungi_OG
3NYKZ|Fungi	175	262.31400502165377	EH	(FAD) synthetase	MHS440	fungi_OG
3NYM4|Fungi	447	770.6410604416775	K	RNA polymerase	MHS440	fungi_OG
3NYM7|Fungi	169	224.92443803919213	L	CELL division control protein	MHS440	fungi_OG
3NYM9|Fungi	8829	11790.595097344796	Q	nadp-dependent mannitol dehydrogenase	MHS440	fungi_OG
3NYMA|Fungi	531	396.05850685117065	U	ubiquitin ligase complex F-box protein	MHS440	fungi_OG
3NYMB|Fungi	1355	1684.4833170802938	S	xpg i-region protein	MHS440	fungi_OG
3NYMG|Fungi	343	827.5440693318002	F	to Saccharomyces cerevisiae APA1 (YCL050C) and APA2 (YDR530C)	MHS440	fungi_OG
3NYMJ|Fungi	921	1399.3062141332612	Q	ABC protein	MHS440	fungi_OG
3NYMN|Fungi	191	228.97872459585858	B	Histone-lysine n-methyltransferase	MHS440	fungi_OG
3NYMR|Fungi	1405	2159.8592495274484	I	Alpha beta hydrolase	MHS440	fungi_OG
3NYN5|Fungi	351	778.5046291798454	U	(GTP)-binding protein	MHS440	fungi_OG
3NYN8|Fungi	60	141.84397163120568	O	peptidase	MHS440	fungi_OG
3NYNA|Fungi	863	240.50549460594132	D	cell division-associated protein bimb	MHS440	fungi_OG
3NYNG|Fungi	3	10.75268817204301	V	nicotinamidase	MHS440	fungi_OG
3NYNM|Fungi	475	387.23786351523574	G	Major Facilitator Superfamily	MHS440	fungi_OG
3NYNP|Fungi	692	386.5159015495859	T	transporter	MHS440	fungi_OG
3NYNR|Fungi	790	1750.9603972337156	J	component of the eukaryotic translation initiation factor 3 (eIF-3) complex, which is involved in protein synthesis of a specialized repertoire of mRNAs and, together with other initiation factors, stimulates binding of mRNA and methionyl-tRNAi to the 40S ribosome. The eIF-3 complex specifically targets and initiates translation of a subset of mRNAs involved in cell proliferation	MHS440	fungi_OG
3NYNU|Fungi	987	869.7474518918046	A	Belongs to the DEAD box helicase family	MHS440	fungi_OG
3NYNX|Fungi	829	1474.6464676073301	J	Belongs to the eukaryotic initiation factor 4E family	MHS440	fungi_OG
3NYP1|Fungi	70	198.67387514446338	U	Belongs to the small GTPase superfamily. Arf family	MHS440	fungi_OG
3NYPB|Fungi	83	169.11954115745584	S	Box H ACA snoRNP assembly protein Shq1	MHS440	fungi_OG
3NYPP|Fungi	816	316.28716135539815	K	arid bright	MHS440	fungi_OG
3NYPV|Fungi	25553	18898.58412092275	P	Phosphate transporter	MHS440	fungi_OG
3NYQ0|Fungi	1033	1363.4046271100813	C	Pyruvate dehydrogenase	MHS440	fungi_OG
3NYQG|Fungi	7323	14034.547776453004	J	Belongs to the eukaryotic ribosomal protein eL6 family	MHS440	fungi_OG
3NYQN|Fungi	1822	1899.9807160763644	G	Belongs to the glycosyl hydrolase 43 family	MHS440	fungi_OG
3NYR2|Fungi	198	125.66234713435216	T	rho guanyl nucleotide exchange	MHS440	fungi_OG
3NYR7|Fungi	766	812.9569780999233	BK	PHD zinc finger	MHS440	fungi_OG
3NYRK|Fungi	561	455.2850892366055	S	rho guanyl nucleotide exchange	MHS440	fungi_OG
3NYRN|Fungi	427	176.4953221906864	S	domain-containing protein	MHS440	fungi_OG
3NYRU|Fungi	382	265.8315935977731	OT	Cop9 signalosome	MHS440	fungi_OG
3NYSA|Fungi	220	530.7250968617503	Q	Belongs to the short-chain dehydrogenases reductases (SDR) family	MHS440	fungi_OG
3NYSR|Fungi	478	438.6097207564962	G	transporter	MHS440	fungi_OG
3NYSW|Fungi	532	577.015785384879	K	transcription initiation factor tfiid subunit	MHS440	fungi_OG
3NYT4|Fungi	285	729.4472545845463	U	Signal peptidase	MHS440	fungi_OG
3NYT8|Fungi	376	563.601499171969	H	Siroheme synthase	MHS440	fungi_OG
3NYT9|Fungi	122	152.62922128974458	L	DNA repair protein	MHS440	fungi_OG
3NYTA|Fungi	1423	1443.3631517977283	S	transporter	MHS440	fungi_OG
3NYTC|Fungi	174	216.75407506900152	L	Endonuclease that specifically degrades the RNA of RNA- DNA hybrids	MHS440	fungi_OG
3NYTD|Fungi	84	264.1209327956316	S	CTD kinase subunit gamma	MHS440	fungi_OG
3NYTG|Fungi	229	467.4985815165079	U	Belongs to the syntaxin family	MHS440	fungi_OG
3NYTH|Fungi	300	160.7717041800643	L	Origin recognition complex subunit	MHS440	fungi_OG
3NYTI|Fungi	58	69.79542719614922	M	N-acetylglucosaminyl-phosphatidylinositol	MHS440	fungi_OG
3NYTJ|Fungi	545	410.6940385036682	S	Transcriptional regulator (Cti6)	MHS440	fungi_OG
3NYTM|Fungi	2572	1457.1204675377494	P	P-Type ATPase	MHS440	fungi_OG
3NYTX|Fungi	365	255.48701809598742	MO	gpi transamidase component pig-s	MHS440	fungi_OG
3NYU7|Fungi	330	747.5144600213661	J	shwachman-Bodian-Diamond syndrome protein	MHS440	fungi_OG
3NYU9|Fungi	667	292.11307901638634	U	GTP binding protein	MHS440	fungi_OG
3NYUB|Fungi	174	131.8181818181818	L	DNA polymerase	MHS440	fungi_OG
3NYUX|Fungi	389	405.35332994407725	S	Protein of unknown function (DUF3295)	MHS440	fungi_OG
3NYVC|Fungi	1005	765.4185476242301	A	rRNA processing protein RRP9	MHS440	fungi_OG
3NYVK|Fungi	370	267.4774837030382	L	Ccch zinc finger and smr	MHS440	fungi_OG
3NYVQ|Fungi	1023	1661.2250262881178	S	g1 s-specific cyclin	MHS440	fungi_OG
3NYVR|Fungi	633	492.89893024834913	O	Belongs to the peptidase C19 family	MHS440	fungi_OG
3NYVU|Fungi	253	192.98245614035088	S	Saccharomyces cerevisiae YDL133W	MHS440	fungi_OG
3NYVV|Fungi	576	464.8977486560254	K	heat shock transcription factor	MHS440	fungi_OG
3NYW2|Fungi	485	1132.5103567663064	J	endonuclease subunit	MHS440	fungi_OG
3NYW4|Fungi	285	261.97711043922595	S	Demethylates proteins that have been reversibly carboxymethylated	MHS440	fungi_OG
3NYW7|Fungi	187	199.29560139756066	A	rRNA processing protein Rrp8	MHS440	fungi_OG
3NYWB|Fungi	168	193.10344827586206	O	Protein present in Fab1, YOTB, Vac1, and EEA1	MHS440	fungi_OG
3NYWC|Fungi	634	1494.897711229118	S	Mannose-P-dolichol utilization defect 1	MHS440	fungi_OG
3NYWM|Fungi	1023	1040.1094540665003	A	kh domain rna binding protein	MHS440	fungi_OG
3NYWN|Fungi	772	566.2645720006926	UY	Importin beta-5 subunit	MHS440	fungi_OG
3NYWT|Fungi	180	188.418473145617	K	miz zinc finger protein	MHS440	fungi_OG
3NYX4|Fungi	1225	333.4937879963385	S	START domain	MHS440	fungi_OG
3NYXM|Fungi	212	459.88628134075043	L	DNA repair protein	MHS440	fungi_OG
3NYXN|Fungi	28	86.28765973231366	H	Catalyzes the transfer of endogenously produced octanoic acid from octanoyl-acyl-carrier-protein onto the lipoyl domains of lipoate-dependent enzymes. Lipoyl-ACP can also act as a substrate although octanoyl-ACP is likely to be the physiological substrate	MHS440	fungi_OG
3NYXY|Fungi	358	435.13765705897754	J	subunit Csl4	MHS440	fungi_OG
3NYYH|Fungi	947	679.9448472746622	G	Belongs to the type-B carboxylesterase lipase family	MHS440	fungi_OG
3NYYZ|Fungi	791	259.3691841296923	S	WD40 repeats	MHS440	fungi_OG
3NYZ1|Fungi	260	382.0401571724272	S	RhoGEF domain	MHS440	fungi_OG
3NYZ4|Fungi	6067	7147.798185379045	S	telomere and ribosome associated protein	MHS440	fungi_OG
3NYZ9|Fungi	71	48.29931972789116	J	pentatricopeptide repeat protein	MHS440	fungi_OG
3NYZB|Fungi	1642	3266.283587016904	U	RAN-specific gtpase-activating protein	MHS440	fungi_OG
3NYZD|Fungi	33	60.845892621593556	F	protein alkylation	MHS440	fungi_OG
3NYZI|Fungi	430	341.8860756244911	J	(GTP)-binding protein	MHS440	fungi_OG
3NYZN|Fungi	586	492.4725798032796	U	longevity-assurance protein	MHS440	fungi_OG
3NYZW|Fungi	267	672.0662041542116	S	rheb small monomeric GTPase	MHS440	fungi_OG
3NYZY|Fungi	264	272.9721336343331	A	Polynucleotide 5'-hydroxyl-kinase GRC3	MHS440	fungi_OG
3NZ04|Fungi	104	151.065071776178	L	endonuclease	MHS440	fungi_OG
3NZ06|Fungi	762	1046.7526443710308	O	-domain-containing protein	MHS440	fungi_OG
3NZ08|Fungi	332	276.86773657996685	L	rna exonuclease	MHS440	fungi_OG
3NZ0H|Fungi	517	247.64604113199817	O	ring finger ubiquitin ligase	MHS440	fungi_OG
3NZ0I|Fungi	53	121.83908045977012	S	domain-containing protein	MHS440	fungi_OG
3NZ0S|Fungi	280	208.1817814069335	T	g protein-coupled receptor	MHS440	fungi_OG
3NZ0Y|Fungi	43	71.72839506172839	S	Domain of unknown function (DUF4078)	MHS440	fungi_OG
3NZ10|Fungi	362	295.60404807084126	S	CCCH zinc finger protein	MHS440	fungi_OG
3NZ14|Fungi	354	448.35406074010245	S	signal peptide peptidase	MHS440	fungi_OG
3NZ15|Fungi	1817	2077.6113827233244	D	pre-rrna processing protein rrp12	MHS440	fungi_OG
3NZ19|Fungi	748	575.7492748952627	A	Lysine methyltransferase	MHS440	fungi_OG
3NZ1A|Fungi	430	829.7792240532847	K	RNA polymerase II subunit A C-terminal domain phosphatase SSU72	MHS440	fungi_OG
3NZ1E|Fungi	176	373.75	I	phospholipase Carboxylesterase	MHS440	fungi_OG
3NZ1J|Fungi	414	607.1446000039916	EGP	Endosome protein	MHS440	fungi_OG
3NZ1M|Fungi	268	275.3999623564841	IQ	DNA repair protein	MHS440	fungi_OG
3NZ1Q|Fungi	59	131.11111111111111	S	Protein of unknown function (DUF3292)	MHS440	fungi_OG
3NZ1T|Fungi	248	204.21958710017861	U	Domain of unknown function in PX-proteins (DUF3818)	MHS440	fungi_OG
3NZ27|Fungi	524	1868.6658899472259	O	-domain-containing protein	MHS440	fungi_OG
3NZ28|Fungi	127	143.50282485875707	S	Duf1183 domain protein	MHS440	fungi_OG
3NZ29|Fungi	287	317.60956568587096	U	Belongs to the adaptor complexes medium subunit family	MHS440	fungi_OG
3NZ2C|Fungi	206	257.14371437143717	U	Belongs to the small GTPase superfamily. Arf family	MHS440	fungi_OG
3NZ2G|Fungi	88	56.1941251596424	N	Dynein light intermediate chain	MHS440	fungi_OG
3NZ2J|Fungi	80	252.72794439461106	O	ubiquitin	MHS440	fungi_OG
3NZ2M|Fungi	1631	862.7207463849611	P	sulfate transporter family protein	MHS440	fungi_OG
3NZ2W|Fungi	10752	11226.677752619553	O	Protein disulfide isomerase	MHS440	fungi_OG
3NZ3A|Fungi	242	209.60899565550727	S	Calcium channel	MHS440	fungi_OG
3NZ3E|Fungi	418	536.3408068401666	A	pre-rrna-processing protein esf2	MHS440	fungi_OG
3NZ3I|Fungi	602	930.5852774333372	I	serine-threonine kinase receptor-associated protein	MHS440	fungi_OG
3NZ3J|Fungi	433	291.5207980425372	G	kinase complex	MHS440	fungi_OG
3NZ3M|Fungi	244	540.5118063163065	A	Belongs to the MT-A70-like family	MHS440	fungi_OG
3NZ3T|Fungi	816	1802.060693585612	O	Proteasome	MHS440	fungi_OG
3NZ41|Fungi	889	927.2966368189228	MU	Peroxisomal	MHS440	fungi_OG
3NZ4B|Fungi	737	508.71236281194365	K	transcription initiation factor RRN3	MHS440	fungi_OG
3NZ4F|Fungi	268	244.1845354126056	I	phosphatidylinositol	MHS440	fungi_OG
3NZ4I|Fungi	63	126.47118962908436	U	GTP-Binding protein	MHS440	fungi_OG
3NZ4W|Fungi	7400	6294.561124796524	U	c2 domain protein	MHS440	fungi_OG
3NZ52|Fungi	929	1057.550306001474	H	glutamine amidotransferase	MHS440	fungi_OG
3NZ55|Fungi	252	469.1934925579785	J	component of the eukaryotic translation initiation factor 3 (eIF-3) complex, which is involved in protein synthesis of a specialized repertoire of mRNAs and, together with other initiation factors, stimulates binding of mRNA and methionyl-tRNAi to the 40S ribosome. The eIF-3 complex specifically targets and initiates translation of a subset of mRNAs involved in cell proliferation	MHS440	fungi_OG
3NZ5F|Fungi	365	902.9725843717425	A	h aca ribonucleoprotein complex subunit 2	MHS440	fungi_OG
3NZ5R|Fungi	172	288.0729314566467	A	PWI domain mRNA processing protein	MHS440	fungi_OG
3NZ5W|Fungi	270	639.2771550177159	OT	COP9 signalosome complex subunit 2	MHS440	fungi_OG
3NZ64|Fungi	959	710.478905985795	G	60s ribosome biogenesis protein mak11	MHS440	fungi_OG
3NZ6A|Fungi	317	393.0239476424215	U	SNARE complex subunit	MHS440	fungi_OG
3NZ6I|Fungi	322	748.3392295597484	Q	Belongs to the short-chain dehydrogenases reductases (SDR) family	MHS440	fungi_OG
3NZ6S|Fungi	442	571.2188703338483	K	rna polymerase iii subunit	MHS440	fungi_OG
3NZ6Z|Fungi	275	307.51239565565595	S	to Saccharomyces cerevisiae YHR131C and YNL144C	MHS440	fungi_OG
3NZ79|Fungi	9	37.5	S	tyrosinase	MHS440	fungi_OG
3NZ7G|Fungi	396	657.0956386608561	Z	Microtubule-associated protein	MHS440	fungi_OG
3NZ7H|Fungi	683	314.75587023629976	K	to Saccharomyces cerevisiae FHL1 (YPR104C)	MHS440	fungi_OG
3NZ7N|Fungi	1438	809.8906911941385	A	R3H domain-containing protein	MHS440	fungi_OG
3NZ88|Fungi	643	841.1654494370047	J	ribosomal protein	MHS440	fungi_OG
3NZ8A|Fungi	12794	10905.093458341897	G	Catalyzes the transfer of a two-carbon ketol group from a ketose donor to an aldose acceptor, via a covalent intermediate with the cofactor thiamine pyrophosphate	MHS440	fungi_OG
3NZ8G|Fungi	2343	2474.0662747009524	S	Component of the cytosolic iron-sulfur (Fe-S) protein assembly (CIA) machinery. Required for the maturation of extramitochondrial Fe-S proteins. Part of an electron transfer chain functioning in an early step of cytosolic Fe-S biogenesis. Electrons are transferred to the Fe-S cluster from NADPH via the FAD- and FMN-containing protein TAH18. Has anti-apoptotic effects in the cell. Involved in negative control of H(2)O(2)-induced cell death	MHS440	fungi_OG
3NZ8Q|Fungi	249	513.5048719645837	L	Belongs to the Nudix hydrolase family	MHS440	fungi_OG
3NZ8S|Fungi	315	331.73538574395366	Z	Micro-fibrillar-associated protein	MHS440	fungi_OG
3NZ96|Fungi	728	201.39136291530411	UY	nuclear export signal receptor activity	MHS440	fungi_OG
3NZ9C|Fungi	138	174.0730965786604	S	coiled-coil domain-containing protein 55	MHS440	fungi_OG
3NZ9M|Fungi	971	1050.4275060349826	J	involved in ribosomal large subunit assembly	MHS440	fungi_OG
3NZ9T|Fungi	541	470.51588691668456	T	TBC1 domain family member	MHS440	fungi_OG
3NZA7|Fungi	234	115.04424778761063	S	CRAL/TRIO domain	MHS440	fungi_OG
3NZAA|Fungi	179	345.16552842759035	P	solute carrier family 41 member 1	MHS440	fungi_OG
3NZAW|Fungi	393	577.228790137647	U	Belongs to the syntaxin family	MHS440	fungi_OG
3NZB5|Fungi	162	140.25974025974025	BK	Set1 complex component ash2	MHS440	fungi_OG
3NZBB|Fungi	331	420.4296394531309	E	Catalyzes the NADPH-dependent reduction of ketopantoate into pantoic acid	MHS440	fungi_OG
3NZBV|Fungi	140	167.13828936850518	T	phosphatase	MHS440	fungi_OG
3NZBZ|Fungi	386	212.67217630853995	S	Mis6 domain-containing protein	MHS440	fungi_OG
3NZCB|Fungi	420	566.1008990924611	J	Belongs to the universal ribosomal protein uS15 family	MHS440	fungi_OG
3NZCR|Fungi	946	850.7335984795541	T	-phosphodiesterase	MHS440	fungi_OG
3NZD1|Fungi	695	687.4549620475749	I	Catalyzes the formation of phosphatidylethanolamine (PtdEtn) from phosphatidylserine (PtdSer). Plays a central role in phospholipid metabolism and in the interorganelle trafficking of phosphatidylserine	MHS440	fungi_OG
3NZD8|Fungi	1784	1202.979442880591	I	Belongs to the carnitine choline acetyltransferase family	MHS440	fungi_OG
3NZDE|Fungi	1378	3242.653469921974	C	glycerophosphoryl diester phosphodiesterase	MHS440	fungi_OG
3NZDH|Fungi	856	528.6340463361461	S	peroxisomal membrane protein	MHS440	fungi_OG
3NZDI|Fungi	342	485.6261868774949	T	stromal membrane-associated protein	MHS440	fungi_OG
3NZDY|Fungi	316	512.6139884086733	S	Wd domain-containing protein	MHS440	fungi_OG
3NZE8|Fungi	586	232.05422804291135	D	centromere kinetochore protein	MHS440	fungi_OG
3NZEE|Fungi	994	877.9584358807091	Y	nuclear matrix protein	MHS440	fungi_OG
3NZEF|Fungi	63	70.94594594594595	A	Ribonuclease P protein subunit p29	MHS440	fungi_OG
3NZET|Fungi	230	162.42937853107347	U	anucleate primary sterigmata protein a	MHS440	fungi_OG
3NZEU|Fungi	1017	472.50471243605256	U	Gdp gtp exchange factor sec2p	MHS440	fungi_OG
3NZFE|Fungi	1568	1846.4423417689989	C	Quinone oxidoreductase	MHS440	fungi_OG
3NZFK|Fungi	873	1717.5850842879702	U	Involved in the retrieval of endoplasmic reticulum membrane proteins from the early Golgi compartment	MHS440	fungi_OG
3NZFY|Fungi	987	735.2050646848335	K	acetyltransferase	MHS440	fungi_OG
3NZG9|Fungi	13901	29605.084260935757	P	Destroys radicals which are normally produced within the cells and which are toxic to biological systems	MHS440	fungi_OG
3NZGF|Fungi	281	613.968771894604	T	dissociation inhibitor	MHS440	fungi_OG
3NZGI|Fungi	7	12.34567901234568	S	Encoded by	MHS440	fungi_OG
3NZGS|Fungi	314	958.8356467514125	S	hydrolase	MHS440	fungi_OG
3NZGX|Fungi	382	329.51769412868043	S	Pre-rRNA-processing protein IPI3	MHS440	fungi_OG
3NZH3|Fungi	577	1017.4722572606084	S	Inositol hexakisphosphate	MHS440	fungi_OG
3NZH4|Fungi	292	319.9632557546986	BT	JmjC domain-containing protein	MHS440	fungi_OG
3NZH9|Fungi	772	1177.5273391071812	I	Acyl-protein thioesterase 1	MHS440	fungi_OG
3NZHT|Fungi	4048	3510.9944141592496	S	Mortierella verticillata NRRL 6337	MHS440	fungi_OG
3NZHW|Fungi	858	689.0563207781962	KO	Belongs to the class I-like SAM-binding methyltransferase superfamily. Protein arginine N- methyltransferase family	MHS440	fungi_OG
3NZI4|Fungi	366	223.86067386067387	U	Golgi transport complex subunit 5	MHS440	fungi_OG
3NZIA|Fungi	596	891.1434608550356	S	ER membrane protein	MHS440	fungi_OG
3NZIC|Fungi	550	320.8539412158565	T	RhoGEF domain	MHS440	fungi_OG
3NZII|Fungi	279	531.1043999010659	H	Riboflavin synthase	MHS440	fungi_OG
3NZIJ|Fungi	1161	1090.6159868279722	A	pre-mRNA-splicing factor RSE1	MHS440	fungi_OG
3NZIV|Fungi	73	146.640826873385	V	alpha/beta hydrolase fold	MHS440	fungi_OG
3NZIW|Fungi	229	227.8905877202835	L	Oxidation resistance protein 1	MHS440	fungi_OG
3NZIZ|Fungi	46	47.05430559320503	P	Belongs to the methyltransferase superfamily. METTL16 RlmF family	MHS440	fungi_OG
3NZJG|Fungi	22	78.21577572425625	S	Arylsulfotransferase (ASST)	MHS440	fungi_OG
3NZJK|Fungi	255	213.3977045643447	S	amino-acid N-acetyltransferase subunit Mak10	MHS440	fungi_OG
3NZJZ|Fungi	7	13.48747591522158	S	LIM-domain binding protein	MHS440	fungi_OG
3NZK0|Fungi	63	112.2994652406417	S	oxidoreductase activity	MHS440	fungi_OG
3NZK6|Fungi	9	22.22222222222222	C	Core subunit of the mitochondrial membrane respiratory chain NADH dehydrogenase (Complex I) that is believed to belong to the minimal assembly required for catalysis. Complex I functions in the transfer of electrons from NADH to the respiratory chain. The immediate electron acceptor for the enzyme is believed to be ubiquinone	MHS440	fungi_OG
3NZK7|Fungi	212	490.0520821573453	P	Belongs to the MIP aquaporin (TC 1.A.8) family	MHS440	fungi_OG
3NZK8|Fungi	1190	287.2789510735969	UY	Nuclear pore complex	MHS440	fungi_OG
3NZKA|Fungi	475	577.6930399988141	O	f1f0 atp synthase assembly protein atp11	MHS440	fungi_OG
3NZMA|Fungi	498	211.73469387755102	L	Fungal specific transcription factor domain	MHS440	fungi_OG
3NZMC|Fungi	22	25.551684088269454	K	Saccharomyces cerevisiae	MHS440	fungi_OG
3NZMU|Fungi	9637	7238.201953223932	S	heparinase ii iii family protein	MHS440	fungi_OG
3NZN0|Fungi	596	533.6664710309796	T	phosphatase 2C	MHS440	fungi_OG
3NZN8|Fungi	1596	3241.8044239239243	U	Mitochondrial import inner membrane translocase, subunit Tim17	MHS440	fungi_OG
3NZND|Fungi	275	138.05220883534136	S	Bacterial low temperature requirement A protein (LtrA)	MHS440	fungi_OG
3NZNS|Fungi	405	849.1849567514605	U	exocyst complex	MHS440	fungi_OG
3NZNY|Fungi	54	117.6470588235294	U	Sec7 domain	MHS440	fungi_OG
3NZP3|Fungi	579	1102.7162518514658	H	Metallo-hydrolase oxidoreductase	MHS440	fungi_OG
3NZP9|Fungi	225	372.39073081614515	OT	otu domain-containing protein	MHS440	fungi_OG
3NZPN|Fungi	426	617.8884820557223	S	g-patch domain-containing protein	MHS440	fungi_OG
3NZPS|Fungi	548	451.47958287241454	S	Coiled-coil domain-containing protein mtmr15	MHS440	fungi_OG
3NZQ5|Fungi	1029	1604.2898450679136	A	domain-containing protein	MHS440	fungi_OG
3NZQE|Fungi	331	299.76402405569667	L	Origin recognition complex subunit	MHS440	fungi_OG
3NZQF|Fungi	10	43.290043290043286	IQ	cytochrome P450	MHS440	fungi_OG
3NZQH|Fungi	333	430.1587301587302	H	Pyridoxamine 5'-phosphate oxidase	MHS440	fungi_OG
3NZQK|Fungi	210	255.38195038379814	S	Pre-rRNA-processing protein ipi-1	MHS440	fungi_OG
3NZQR|Fungi	1817	2642.479313765762	O	Essential component of the PAM complex, a complex required for the translocation of transit peptide-containing proteins from the inner membrane into the mitochondrial matrix in an ATP-dependent manner	MHS440	fungi_OG
3NZR2|Fungi	185	309.5238095238095	I	Belongs to the CDP-alcohol phosphatidyltransferase class-I family	MHS440	fungi_OG
3NZR6|Fungi	1192	1194.0053554461433	V	Flavonol reductase cinnamoyl-CoA reductase family	MHS440	fungi_OG
3NZR8|Fungi	218	163.72874120803573	T	response regulator	MHS440	fungi_OG
3NZRD|Fungi	273	602.9991179150032	BD	Histone h1-binding protein	MHS440	fungi_OG
3NZRJ|Fungi	177	111.95445920303605	J	la domain family	MHS440	fungi_OG
3NZRP|Fungi	256	198.46036417276233	T	Calcium calmodulin-dependent protein kinase	MHS440	fungi_OG
3NZRZ|Fungi	47	112.0241459925329	S	Pyrimidine 5'-nucleotidase	MHS440	fungi_OG
3NZS2|Fungi	214	153.11625420584258	T	-domain-containing protein	MHS440	fungi_OG
3NZS8|Fungi	1388	1807.1604105242316	DK	Transcription factor	MHS440	fungi_OG
3NZSQ|Fungi	91	134.2182890855457	J	ribonuclease p	MHS440	fungi_OG
3NZSW|Fungi	618	423.50546237802337	L	Polymerase	MHS440	fungi_OG
3NZSY|Fungi	120	285.7142857142857	S	NA	MHS440	fungi_OG
3NZTD|Fungi	415	424.68954778115085	H	O-methyltransferase that catalyzes the 2 O-methylation steps in the ubiquinone biosynthetic pathway	MHS440	fungi_OG
3NZTE|Fungi	1440	1038.273428553195	S	WD repeat-containing protein	MHS440	fungi_OG
3NZTX|Fungi	1503	1070.0055417401386	U	Mitochondrial import inner membrane translocase subunit tim54	MHS440	fungi_OG
3NZU2|Fungi	244	338.70988903671696	S	NA	MHS440	fungi_OG
3NZUX|Fungi	710	1753.0864197530864	S	parasitic phase-specific protein psp-1	MHS440	fungi_OG
3NZVE|Fungi	156	174.88932653301688	T	kinase-like protein	MHS440	fungi_OG
3NZVI|Fungi	175	144.6991184830933	S	serum paraoxonase arylesterase 2	MHS440	fungi_OG
3NZVR|Fungi	129	110.97878585563315	F	Nucleoside transporter	MHS440	fungi_OG
3NZVS|Fungi	803	541.4710470861772	A	Rna binding protein	MHS440	fungi_OG
3NZVT|Fungi	4209	9129.61200315525	P	Destroys radicals which are normally produced within the cells and which are toxic to biological systems	MHS440	fungi_OG
3NZVY|Fungi	1490	742.0369919061019	B	Transcriptional regulator	MHS440	fungi_OG
3NZWT|Fungi	1159	2534.5579739630216	U	endoplasmic reticulum transmembrane protein	MHS440	fungi_OG
3NZWU|Fungi	693	932.8289935489067	MOU	Peroxisomal membrane anchor protein	MHS440	fungi_OG
3NZXC|Fungi	13	19.1740412979351	G	Lactonase, 7-bladed beta-propeller	MHS440	fungi_OG
3NZXD|Fungi	12	34.78260869565218	S	Pre-mRNA-splicing factor CWC26	MHS440	fungi_OG
3NZY1|Fungi	1017	712.9626816664463	K	phd finger domain protein	MHS440	fungi_OG
3NZY5|Fungi	450	457.6106030688869	S	60S ribosome subunit biogenesis protein NOP53	MHS440	fungi_OG
3NZYD|Fungi	1150	604.8690919547838	T	Protein tyrosine kinase	MHS440	fungi_OG
3NZYJ|Fungi	57	99.0762945199396	L	meiotic recombination protein	MHS440	fungi_OG
3NZYK|Fungi	1292	1176.3953418053231	I	Belongs to the histidine acid phosphatase family	MHS440	fungi_OG
3NZZ3|Fungi	294	323.3674728900054	O	SUMO activating enzyme	MHS440	fungi_OG
3NZZI|Fungi	257	311.1577214252515	S	Required for the maintenance of the structure of the mitochondrial inner membrane. Involved in mitochondrial morphology	MHS440	fungi_OG
3NZZR|Fungi	207	234.46319536401697	J	Trna (5-methylaminomethyl-2-thiouridylate)-methyltransferase	MHS440	fungi_OG
3NZZX|Fungi	3141	7464.880011316977	G	Belongs to the phosphoglycerate mutase family. BPG- dependent PGAM subfamily	MHS440	fungi_OG
3P009|Fungi	476	563.4065740957218	O	tubulin--tyrosine ligase	MHS440	fungi_OG
3P00B|Fungi	788	1033.317469724633	J	Ribosome biogenesis protein Kri1	MHS440	fungi_OG
3P00D|Fungi	350	584.8215808062355	D	Ubiquitin metalloprotease fusion protein	MHS440	fungi_OG
3P00F|Fungi	1948	3515.8727072396136	S	Rta1 domain protein	MHS440	fungi_OG
3P00P|Fungi	1765	1587.5972163112183	A	splicing factor	MHS440	fungi_OG
3P00Z|Fungi	128	315.6176256697191	A	mago nashi	MHS440	fungi_OG
3P01A|Fungi	1230	1184.105338111086	S	viability protein	MHS440	fungi_OG
3P01F|Fungi	10	25.839793281653748	S	Etoposide-induced protein 2.4 (EI24)	MHS440	fungi_OG
3P01T|Fungi	541	462.9270224509691	U	protein-ER retention protein	MHS440	fungi_OG
3P021|Fungi	753	982.4103196836537	J	ribosomal	MHS440	fungi_OG
3P025|Fungi	28	63.06306306306306	K	Transcription factor	MHS440	fungi_OG
3P02A|Fungi	253	207.72882258540412	K	Component of the SWR1 complex which mediates the ATP- dependent exchange of histone H2A for the H2A variant HZT1 leading to transcriptional regulation of selected genes by chromatin remodeling. Component of the NuA4 histone acetyltransferase complex which is involved in transcriptional activation of selected genes principally by acetylation of nucleosomal histone H4 and H2A. The NuA4 complex is also involved in DNA repair (By similarity)	MHS440	fungi_OG
3P02C|Fungi	390	511.6746629239233	S	fad binding domain protein	MHS440	fungi_OG
3P02E|Fungi	3145	5130.176293146592	U	MSP domain-containing protein	MHS440	fungi_OG
3P02T|Fungi	557	1893.750983561606	P	phosphate transporter	MHS440	fungi_OG
3P02Z|Fungi	258	442.71901729293756	S	Saccharomyces cerevisiae YIL096C	MHS440	fungi_OG
3P034|Fungi	83	66.30993599832127	G	N-glycosylation protein	MHS440	fungi_OG
3P039|Fungi	1648	2937.927990298639	I	Secretory lipase	MHS440	fungi_OG
3P03D|Fungi	705	252.08253213320228	S	Integral plasma membrane protein required for axial budding in haploid cells	MHS440	fungi_OG
3P03P|Fungi	4345	7971.869544548326	C	atp synthase subunit 4	MHS440	fungi_OG
3P03V|Fungi	653	1178.3121429887597	S	hydrolase activity	MHS440	fungi_OG
3P05I|Fungi	55	144.09459592492453	U	Component of the ERMES MDM complex, which serves as a molecular tether to connect the endoplasmic reticulum and mitochondria. Components of this complex are involved in the control of mitochondrial shape and protein biogenesis and may function in phospholipid exchange. mdm10 is involved in the late assembly steps of the general translocase of the mitochondrial outer membrane (TOM complex). Functions in the tom40-specific route of the assembly of outer membrane beta-barrel proteins, including the association of tom40 with the receptor tom22 and small TOM proteins. Can associate with the SAM(core) complex as well as the mdm12-mmm1 complex, both involved in late steps of the major beta-barrel assembly pathway, that is responsible for biogenesis of all outer membrane beta-barrel proteins. May act as a switch that shuttles between both complexes and channels precursor proteins into the tom40-specific pathway. Plays a role in mitochondrial morphology and in the inheritance of mitochondria	MHS440	fungi_OG
3P05N|Fungi	11	22.357723577235774	B	S-adenosyl-L-methionine-dependent methyltransferase that specifically methylates the N(1) position of an adenine present in helix 65 in 25S rRNA	MHS440	fungi_OG
3P06S|Fungi	281	348.0470544986674	K	Translin	MHS440	fungi_OG
3P06U|Fungi	237	540.1542724113057	F	nicotinamide riboside kinase	MHS440	fungi_OG
3P06V|Fungi	334	831.6350316350316	J	ribosomal protein	MHS440	fungi_OG
3P06Y|Fungi	424	1359.7644320267184	T	Calcineurin subunit B	MHS440	fungi_OG
3P07B|Fungi	3707	3356.107800212089	I	Serine aminopeptidase, S33	MHS440	fungi_OG
3P07M|Fungi	1661	3396.683570364744	S	Endoplasmic reticulum protein	MHS440	fungi_OG
3P07N|Fungi	2701	801.5170046819197	K	Ankyrin repeat protein	MHS440	fungi_OG
3P07W|Fungi	2414	2145.590505548936	J	nucleic acid-binding protein	MHS440	fungi_OG
3P081|Fungi	1040	1870.8913062102965	C	Belongs to the D-isomer specific 2-hydroxyacid dehydrogenase family	MHS440	fungi_OG
3P086|Fungi	367	576.986586171903	O	DnaJ domain-containing protein	MHS440	fungi_OG
3P095|Fungi	911	623.86496903655	I	cleavage activating protein	MHS440	fungi_OG
3P096|Fungi	485	415.25977143954674	J	Plays a central role in 2-thiolation of mcm(5)S(2)U at tRNA wobble positions of tRNA(Lys), tRNA(Glu) and tRNA(Gln). May act by forming a heterodimer with NCS6 that ligates sulfur from thiocarboxylated URM1 onto the uridine of tRNAs at wobble position. Prior mcm(5) tRNA modification by the elongator complex is required for 2-thiolation. May also be involved in protein urmylation	MHS440	fungi_OG
3P09U|Fungi	161	539.7453108503324	IQ	Duf1640 domain-containing protein	MHS440	fungi_OG
3P0A8|Fungi	195	215.072829622704	S	Broad-Complex, Tramtrack and Bric a brac	MHS440	fungi_OG
3P0AD|Fungi	389	515.2483097426918	U	endoplasmic reticulum vesicle protein 25	MHS440	fungi_OG
3P0AW|Fungi	688	461.53302047201254	O	ring-14 protein	MHS440	fungi_OG
3P0B0|Fungi	150	179.21932451846982	L	DNA ligase	MHS440	fungi_OG
3P0BF|Fungi	2396	3912.5027369582685	E	phosphoserine phosphatase	MHS440	fungi_OG
3P0BK|Fungi	386	552.5187421793748	A	RNA binding protein rnp24	MHS440	fungi_OG
3P0BQ|Fungi	8713	19751.9886014763	Q	dienelactone hydrolase	MHS440	fungi_OG
3P0CR|Fungi	369	533.1195431206019	L	replication	MHS440	fungi_OG
3P0D3|Fungi	69	174.24242424242422	S	Glycoside hydrolase	MHS440	fungi_OG
3P0D8|Fungi	513	372.4569661548958	U	COG complex component	MHS440	fungi_OG
3P0DS|Fungi	675	449.53998428946477	DZ	mitochondrial protein Fmp25	MHS440	fungi_OG
3P0E3|Fungi	12163	10189.553242429796	I	Synthetase-like protein	MHS440	fungi_OG
3P0ET|Fungi	191	551.6608399542001	O	RNA methylase family protein	MHS440	fungi_OG
3P0EV|Fungi	273	226.00633653476734	E	metaphase-anaphase transition protein	MHS440	fungi_OG
3P0EY|Fungi	371	825.5918855706943	S	Family of unknown function (DUF5427)	MHS440	fungi_OG
3P0F8|Fungi	222	473.19120714486036	E	protein N-terminal asparagine amidohydrolase	MHS440	fungi_OG
3P0FC|Fungi	445	319.9260572575214	I	Malonyl CoA-acyl carrier protein transacylase	MHS440	fungi_OG
3P0G4|Fungi	321	610.5074844061324	S	NA	MHS440	fungi_OG
3P0G9|Fungi	302	454.43294871326674	C	Pyridine nucleotide-disulphide oxidoreductase	MHS440	fungi_OG
3P0GV|Fungi	2829	4814.845951030372	S	mitochondrial hypoxia responsive	MHS440	fungi_OG
3P0GY|Fungi	401	414.1279717686848	K	RNA polymerase I	MHS440	fungi_OG
3P0H0|Fungi	20835	30660.058057096696	C	NADH-ubiquinone oxidoreductase chain 1	MHS440	fungi_OG
3P0H4|Fungi	6613	11512.9432930235	S	Catalyzes the conversion of methylglyoxal (MG) to D- lactate in a single glutathione (GSH)-independent step. May play a role in detoxifying endogenously produced glyoxals. Involved in protection against reactive oxygen species (ROS)	MHS440	fungi_OG
3P0HJ|Fungi	289	410.7142857142858	K	Duf833 domain-containing protein	MHS440	fungi_OG
3P0HU|Fungi	80	44.004400440044	S	HEAT repeat containing 6	MHS440	fungi_OG
3P0IC|Fungi	367	212.11313793810206	DL	g1 s regulator	MHS440	fungi_OG
3P0IF|Fungi	1630	2793.15263409251	UY	Nuclear pore complex protein	MHS440	fungi_OG
3P0IG|Fungi	441	575.9730292774425	Q	nad-p-binding protein	MHS440	fungi_OG
3P0IY|Fungi	1602	2293.0680325125254	K	Transcription factor iws-1	MHS440	fungi_OG
3P0IZ|Fungi	11	31.33903133903134	A	encoded by a mobile group II intron within the mitochondrial COX1 gene	MHS440	fungi_OG
3P0J4|Fungi	195	222.6027397260274	S	dash complex subunit ask1	MHS440	fungi_OG
3P0JG|Fungi	58	116.46586345381526	A	Component of the spliceosomal U1 snRNP, which is essential for recognition of the pre-mRNA 5' splice-site and the subsequent assembly of the spliceosome. U1-C is directly involved in initial 5' splice-site recognition for both constitutive and regulated alternative splicing. The interaction with the 5' splice-site seems to precede base-pairing between the pre-mRNA and the U1 snRNA. Stimulates commitment or early (E) complex formation by stabilizing the base pairing of the 5' end of the U1 snRNA and the 5' splice-site region	MHS440	fungi_OG
3P0JM|Fungi	28506	20595.362798662853	S	Secretory lipase	MHS440	fungi_OG
3P0K6|Fungi	9925	17882.918791649354	C	atp synthase	MHS440	fungi_OG
3P0K7|Fungi	292	268.719806763285	J	exosome complex exonuclease rrp40	MHS440	fungi_OG
3P0KE|Fungi	174	244.6359014986466	U	Vacuolar protein sorting protein	MHS440	fungi_OG
3P0KT|Fungi	108	116.80765249669844	S	Saccharomyces cerevisiae YPR147C	MHS440	fungi_OG
3P0N4|Fungi	211	478.6350359879772	I	3-oxo-5alpha-steroid 4-dehydrogenase	MHS440	fungi_OG
3P0N9|Fungi	7	28.11244979919679	L	Belongs to the nucleosome assembly protein (NAP) family	MHS440	fungi_OG
3P0NI|Fungi	408	510.96049620961986	CH	Oxidoreductase FAD-binding domain	MHS440	fungi_OG
3P0NT|Fungi	4114	6326.125410579833	I	3-hydroxyacyl-CoA dehydrogenase, NAD binding domain	MHS440	fungi_OG
3P0PG|Fungi	700	533.8231071750022	S	Arrestin (or S-antigen), C-terminal domain	MHS440	fungi_OG
3P0PJ|Fungi	3531	706.8156458177639	S	Domain of unknown function (DUF1708)	MHS440	fungi_OG
3P0QB|Fungi	8487	9673.199770755418	Q	Short chain dehydrogenase	MHS440	fungi_OG
3P0QC|Fungi	811	715.2161885040443	K	Nineteen complex-related protein 2	MHS440	fungi_OG
3P0R3|Fungi	498	627.4555807093366	S	Papa-1-like conserved region	MHS440	fungi_OG
3P0RI|Fungi	524	657.4058515323902	UY	Nup85 Nucleoporin	MHS440	fungi_OG
3P0SF|Fungi	1291	1655.9642718638709	U	Clathrin is the major protein of the polyhedral coat of coated pits and vesicles	MHS440	fungi_OG
3P0SM|Fungi	841	483.23052148955645	S	NA	MHS440	fungi_OG
3P0SY|Fungi	533	502.68112793868465	S	cellular morphogenesis protein	MHS440	fungi_OG
3P0T6|Fungi	156	124.60606485047971	S	GTPase binding protein rid1	MHS440	fungi_OG
3P0TS|Fungi	12260	10357.464299167172	S	NA	MHS440	fungi_OG
3P0TX|Fungi	104	380.20833333333337	S	adaptin ear-binding coat-associated protein	MHS440	fungi_OG
3P0U0|Fungi	262	392.9815160886238	C	Belongs to the mitochondrial carrier (TC 2.A.29) family	MHS440	fungi_OG
3P0U2|Fungi	215	420.64609401142565	U	Catalytic component of the signal peptidase complex (SPC), which catalyzes the cleavage of N-terminal signal sequences of proteins targeted to the endoplasmic reticulum. Signal peptide cleavage occurs during the translocation (cotranslationally or post-translationally) through the translocon pore into the endoplasmic reticulum	MHS440	fungi_OG
3P0U5|Fungi	195	367.8750334956889	O	DnaJ domain-containing protein	MHS440	fungi_OG
3P0U8|Fungi	325	803.4946034607968	T	Universal stress protein	MHS440	fungi_OG
3P0UE|Fungi	64	106.13598673300166	OT	Cop9 signalosome	MHS440	fungi_OG
3P0UF|Fungi	166	280.630261375326	S	A Receptor for Ubiquitination Targets	MHS440	fungi_OG
3P0UK|Fungi	229	449.5934959349594	T	Sgt1 and cs domain	MHS440	fungi_OG
3P0UP|Fungi	1221	1173.0805001629496	S	C2H2 finger domain protein	MHS440	fungi_OG
3P0V5|Fungi	328	376.57637266193115	S	interacting factor	MHS440	fungi_OG
3P0VG|Fungi	283	507.175756880942	D	to uniprot P25559 Saccharomyces cerevisiae YCL016C DCC1 Subunit of a complex with Ctf8p and Ctf18p that shares some components with Replication Factor C required for sister chromatid cohesion	MHS440	fungi_OG
3P0WK|Fungi	508	667.8884524588509	C	exopolyphosphatase	MHS440	fungi_OG
3P0XE|Fungi	91	99.06520747834017	O	Required for the formation of a threonylcarbamoyl group on adenosine at position 37 (t(6)A37) in mitochondrial tRNAs that read codons beginning with adenine. Probably involved in the transfer of the threonylcarbamoyl moiety of threonylcarbamoyl-AMP (TC-AMP) to the N6 group of A37. Involved in mitochondrial genome maintenance	MHS440	fungi_OG
3P0XV|Fungi	884	874.0870140326663	OU	signal peptide peptidase	MHS440	fungi_OG
3P0Y6|Fungi	249	646.5354579086986	U	Golgi reassembly stacking protein	MHS440	fungi_OG
3P0YP|Fungi	29	132.4200913242009	F	adenosine deaminase	MHS440	fungi_OG
3P0Z8|Fungi	61	119.6078431372549	S	Pyridoxamine 5'-phosphate oxidase	MHS440	fungi_OG
3P0ZA|Fungi	36	141.1764705882353	V	Steryl acetyl hydrolase	MHS440	fungi_OG
3P0ZV|Fungi	368	538.8776973914078	U	Belongs to the adaptor complexes small subunit family	MHS440	fungi_OG
3P0ZX|Fungi	1278	1590.034778889268	S	NA	MHS440	fungi_OG
3P102|Fungi	58	89.80676672682942	G	Triose-phosphate isomerase	MHS440	fungi_OG
3P10J|Fungi	147	149.84709480122325	IQ	metallo-beta-lactamase domain protein	MHS440	fungi_OG
3P10N|Fungi	260	129.85293422234832	S	Domain in Tre-2, BUB2p, and Cdc16p. Probable Rab-GAPs.	MHS440	fungi_OG
3P10X|Fungi	753	1028.4771697509818	F	phosphoribosyltransferase	MHS440	fungi_OG
3P114|Fungi	289	393.8506746005089	S	Repeat domain in Vibrio, Colwellia, Bradyrhizobium and Shewanella	MHS440	fungi_OG
3P117|Fungi	181	312.775754145873	J	tRNA 2'-phosphotransferase	MHS440	fungi_OG
3P119|Fungi	1123	1481.2888917912783	E	Belongs to the peptidase M24B family	MHS440	fungi_OG
3P11Z|Fungi	1410	2138.4938048704594	G	duf1630-domain-containing protein	MHS440	fungi_OG
3P12C|Fungi	125	489.28287353407154	U	Belongs to the SNF7 family	MHS440	fungi_OG
3P12E|Fungi	6	12.422360248447205	A	S-adenosyl-L-methionine-dependent protein-lysine N- methyltransferase that methylates elongation factor 1-alpha	MHS440	fungi_OG
3P130|Fungi	241	305.4935674653985	S	Mitochondrial K+-H+ exchange-related	MHS440	fungi_OG
3P13J|Fungi	68	151.11111111111111	H	protein-l-isoaspartate o-methyltransferase	MHS440	fungi_OG
3P13Z|Fungi	164	371.74746062102577	U	protein particle complex subunit	MHS440	fungi_OG
3P143|Fungi	1076	1314.5242083633486	K	DNA binding protein	MHS440	fungi_OG
3P146|Fungi	186	378.28486209192135	J	translation machinery-associated protein 20	MHS440	fungi_OG
3P149|Fungi	813	1490.7690618605166	H	Catalyzes the formation of 6,7-dimethyl-8- ribityllumazine by condensation of 5-amino-6-(D- ribitylamino)uracil with 3,4-dihydroxy-2-butanone 4-phosphate. This is the penultimate step in the biosynthesis of riboflavin	MHS440	fungi_OG
3P14V|Fungi	73	86.90476190476191	S	dna polymerase subunit cdc27	MHS440	fungi_OG
3P16D|Fungi	1717	642.9721350719016	S	Six-hairpin glycosidase	MHS440	fungi_OG
3P16E|Fungi	27	33.45724907063197	S	phd transcription factor	MHS440	fungi_OG
3P16Y|Fungi	1432	2209.0364024459413	IMO	Glycosyl transferase	MHS440	fungi_OG
3P183|Fungi	559	1624.3661049583773	U	coatomer	MHS440	fungi_OG
3P189|Fungi	3113	3736.176586416699	S	Ribosome biogenesis protein sqt1	MHS440	fungi_OG
3P19U|Fungi	138	241.41336246599403	S	duf962 domain-containing protein	MHS440	fungi_OG
3P1A9|Fungi	172	181.8916651318886	T	phosphatase	MHS440	fungi_OG
3P1AG|Fungi	1561	1400.9017536315805	Z	DUF500 domain protein	MHS440	fungi_OG
3P1AY|Fungi	44	99.09909909909909	V	HVA22 domain membrane protein	MHS440	fungi_OG
3P1CZ|Fungi	244	616.4132622642458	S	Putative Phosphatase	MHS440	fungi_OG
3P1D1|Fungi	72	126.99738903394257	J	Belongs to the class I-like SAM-binding methyltransferase superfamily. RsmB NOP family	MHS440	fungi_OG
3P1DA|Fungi	234	228.39019206929308	OT	cysteine	MHS440	fungi_OG
3P1FC|Fungi	886	1618.6244999636178	U	WD40 repeats	MHS440	fungi_OG
3P1FI|Fungi	452	654.7908841947319	L	DNA-(apurinic or apyrimidinic site) lyase	MHS440	fungi_OG
3P1I7|Fungi	203	287.8074772664234	S	U3-containing 90S pre-ribosomal complex subunit	MHS440	fungi_OG
3P1IX|Fungi	807	1089.3492763890617	S	Transmembrane amino acid transporter protein	MHS440	fungi_OG
3P1JG|Fungi	253	350.76796143355887	G	Belongs to the glycosyl hydrolase 43 family	MHS440	fungi_OG
3P1MG|Fungi	1000	1675.483824163243	I	Enoyl-CoA hydratase isomerase	MHS440	fungi_OG
3P1MY|Fungi	99	124.06015037593984	S	nuclear envelope protein	MHS440	fungi_OG
3P1NW|Fungi	188	322.02050377346666	U	Domain in Tre-2, BUB2p, and Cdc16p. Probable Rab-GAPs.	MHS440	fungi_OG
3P1PJ|Fungi	361	212.4382895169237	E	NA	MHS440	fungi_OG
3P1Q2|Fungi	367	232.77271756582348	S	transporter	MHS440	fungi_OG
3P1QQ|Fungi	17	42.92929292929293	O	Belongs to the ubiquitin-conjugating enzyme family	MHS440	fungi_OG
3P1QW|Fungi	60	153.3866280117984	U	Required for the post-translational delivery of tail- anchored (TA) proteins to the endoplasmic reticulum. Acts as a membrane receptor for soluble get3, which recognizes and selectively binds the transmembrane domain of TA proteins in the cytosol	MHS440	fungi_OG
3P1QX|Fungi	134	445.29968635381584	J	ribosomal protein	MHS440	fungi_OG
3P1QY|Fungi	164	626.1782192522755	O	peptidyl-prolyl cis-trans isomerase	MHS440	fungi_OG
3P1R2|Fungi	6119	15824.875606670903	J	Belongs to the universal ribosomal protein uS15 family	MHS440	fungi_OG
3P1R3|Fungi	119	360.60606060606057	AD	mitosis protein dim1	MHS440	fungi_OG
3P1R7|Fungi	2468	5149.861121200726	J	Belongs to the eukaryotic ribosomal protein eS12 family	MHS440	fungi_OG
3P1R8|Fungi	56	169.19643843485562	T	phosphotyrosine protein phosphatase	MHS440	fungi_OG
3P1R9|Fungi	331	974.0219334705191	S	upf0047 domain protein	MHS440	fungi_OG
3P1RA|Fungi	247	663.4156110304416	F	Broad-specificity nucleoside monophosphate (NMP) kinase that catalyzes the reversible transfer of the terminal phosphate group between nucleoside triphosphates and monophosphates. Has also ATPase activity. May be involved in rRNA maturation and transcription regulation	MHS440	fungi_OG
3P1RB|Fungi	755	753.4428441638744	U	PX-associated	MHS440	fungi_OG
3P1RD|Fungi	521	791.1692372060552	K	Transcription factor	MHS440	fungi_OG
3P1RF|Fungi	28	81.60835565657385	U	mitochondrial protein sorting Msf1	MHS440	fungi_OG
3P1RH|Fungi	7079	16620.92690583334	J	Belongs to the universal ribosomal protein uL22 family	MHS440	fungi_OG
3P1RT|Fungi	3135	9140.198307199295	B	histone h3	MHS440	fungi_OG
3P1RU|Fungi	5338	12253.057778493914	J	Belongs to the universal ribosomal protein uL14 family	MHS440	fungi_OG
3P1RW|Fungi	1000	1129.8065391959485	S	Secretory pathway protein	MHS440	fungi_OG
3P1RY|Fungi	799	1516.2308105416978	U	Required for the import and folding of small cysteine- containing proteins (small Tim) in the mitochondrial intermembrane space (IMS). Forms a redox cycle with ERV1 that involves a disulfide relay system. Precursor proteins to be imported into the IMS are translocated in their reduced form into the mitochondria. The oxidized form of MIA40 forms a transient intermolecular disulfide bridge with the reduced precursor protein, resulting in oxidation of the precursor protein that now contains an intramolecular disulfide bond and is able to undergo folding in the IMS (By similarity)	MHS440	fungi_OG
3P1RZ|Fungi	10113	29744.078698587808	J	Belongs to the universal ribosomal protein uS9 family	MHS440	fungi_OG
3P1S5|Fungi	2908	6625.888619555036	J	Belongs to the universal ribosomal protein uL15 family	MHS440	fungi_OG
3P1SA|Fungi	502	383.9933965041799	K	DNA-dependent RNA polymerase catalyzes the transcription of DNA into RNA using the four ribonucleoside triphosphates as substrates. Specific peripheric component of RNA polymerase III which synthesizes small RNAs, such as 5S rRNA and tRNAs	MHS440	fungi_OG
3P1SB|Fungi	729	1155.4029049578937	U	Scamp-domain-containing protein	MHS440	fungi_OG
3P1SD|Fungi	5045	12060.062244448687	O	PPIases accelerate the folding of proteins. It catalyzes the cis-trans isomerization of proline imidic peptide bonds in oligopeptides	MHS440	fungi_OG
3P1SG|Fungi	320	814.2532407966744	K	Rna polymerase ii	MHS440	fungi_OG
3P1SK|Fungi	468	911.6825778877136	S	upf0220 domain protein	MHS440	fungi_OG
3P1SM|Fungi	252	562.0283687943262	F	Deoxyuridine 5'-triphosphate nucleotidohydrolase	MHS440	fungi_OG
3P1SU|Fungi	414	1720.7707059401973	T	myosin regulatory light chain cdc4	MHS440	fungi_OG
3P1SW|Fungi	110	300.0382089175192	T	nuclear movement protein nudC	MHS440	fungi_OG
3P1T7|Fungi	117	235.40629861702035	O	Belongs to the SKP1 family	MHS440	fungi_OG
3P1T8|Fungi	291	712.6564192052185	O	Belongs to the ubiquitin-conjugating enzyme family	MHS440	fungi_OG
3P1TA|Fungi	111	263.1471058300327	K	RNA polymerase III	MHS440	fungi_OG
3P1TG|Fungi	791	2253.1850243949034	J	ribosomal protein	MHS440	fungi_OG
3P1TH|Fungi	3947	10348.33567646421	P	Proton-conducting pore forming subunit of the membrane integral V0 complex of vacuolar ATPase. V-ATPase is responsible for acidifying a variety of intracellular compartments in eukaryotic cells	MHS440	fungi_OG
3P1TN|Fungi	1715	10340.115351804458	J	ribosomal protein	MHS440	fungi_OG
3P1U4|Fungi	543	1487.7523564044884	S	phosphoglycerate mutase family protein	MHS440	fungi_OG
3P1U5|Fungi	171	252.25871665770254	S	pre-mRNA-splicing factor 38a	MHS440	fungi_OG
3P1UB|Fungi	184	607.3773302903157	U	MSF1-domain-containing protein	MHS440	fungi_OG
3P1UC|Fungi	2805	6189.178397465898	J	eukaryotic translation initiation factor	MHS440	fungi_OG
3P1UU|Fungi	29	99.2724611477033	O	PPIases accelerate the folding of proteins. It catalyzes the cis-trans isomerization of proline imidic peptide bonds in oligopeptides	MHS440	fungi_OG
3P1VE|Fungi	46	84.24908424908425	S	Mini-chromosome maintenance replisome factor	MHS440	fungi_OG
3P1VH|Fungi	165	386.28787449542165	O	PPIases accelerate the folding of proteins. It catalyzes the cis-trans isomerization of proline imidic peptide bonds in oligopeptides	MHS440	fungi_OG
3P1VJ|Fungi	433	1367.6649014106981	J	translation machinery-associated protein 22	MHS440	fungi_OG
3P1VK|Fungi	496	443.19526104843123	H	Uroporphyrinogen-III synthase	MHS440	fungi_OG
3P1VP|Fungi	753	1473.1140829792291	F	guanylate kinase	MHS440	fungi_OG
3P1VU|Fungi	8009	15549.455100533061	J	Belongs to the universal ribosomal protein uS11 family	MHS440	fungi_OG
3P1VW|Fungi	263	204.84906207071725	L	DNA helicase	MHS440	fungi_OG
3P1VX|Fungi	3240	5573.841115630039	S	nitroreductase	MHS440	fungi_OG
3P1W0|Fungi	169	419.38192977175083	F	Pyrophosphatase that hydrolyzes non-canonical purine nucleotides such as inosine triphosphate (ITP), deoxyinosine triphosphate (dITP) or xanthosine 5'-triphosphate (XTP) to their respective monophosphate derivatives. The enzyme does not distinguish between the deoxy- and ribose forms. Probably excludes non-canonical purines from RNA and DNA precursor pools, thus preventing their incorporation into RNA and DNA and avoiding chromosomal lesions	MHS440	fungi_OG
3P1W8|Fungi	3	12.048192771084338	O	Glutathione S-transferase, N-terminal domain	MHS440	fungi_OG
3P1WC|Fungi	98	329.6466987267387	O	Belongs to the ubiquitin-conjugating enzyme family	MHS440	fungi_OG
3P1WG|Fungi	497	770.5941588068943	S	nicotinamide n-methyltransferase	MHS440	fungi_OG
3P1WJ|Fungi	706	1647.1913482043808	J	Ribosome biogenesis protein rlp24	MHS440	fungi_OG
3P1WK|Fungi	1642	4422.603497525721	B	Histone h2b	MHS440	fungi_OG
3P1WW|Fungi	137	404.6113078304859	T	Gaf domain nucleotide-binding protein	MHS440	fungi_OG
3P1WX|Fungi	146	196.83744465528147	U	Sorting nexin-3	MHS440	fungi_OG
3P1X6|Fungi	27	110.07957559681697	OTU	Er-derived vesicles protein erv14	MHS440	fungi_OG
3P1X7|Fungi	225	520.1972234879045	C	LAGLIDADG endonuclease	MHS440	fungi_OG
3P1XP|Fungi	233	302.87104894915547	K	Phosphoprotein phosphatase	MHS440	fungi_OG
3P1XW|Fungi	228	261.54737139316023	U	Peroxisomal membrane protein	MHS440	fungi_OG
3P1XY|Fungi	153	390.845408886646	K	Cell cycle control protein Cwf14	MHS440	fungi_OG
3P1Y2|Fungi	386	867.4177750548539	J	ribosomal protein	MHS440	fungi_OG
3P1Y3|Fungi	353	1461.414535297654	M	Has a role in mitochondrial fission	MHS440	fungi_OG
3P1YB|Fungi	164	364.5726475330967	C	Accessory subunit of the mitochondrial membrane respiratory chain NADH dehydrogenase (Complex I), that is believed not to be involved in catalysis. Complex I functions in the transfer of electrons from NADH to the respiratory chain. The immediate electron acceptor for the enzyme is believed to be ubiquinone	MHS440	fungi_OG
3P1YJ|Fungi	203	384.12278897573015	E	WD-40 repeat-containing protein	MHS440	fungi_OG
3P1YK|Fungi	70	132.40709407411632	U	ARF-like small GTPases; ARF, ADP-ribosylation factor	MHS440	fungi_OG
3P1YW|Fungi	4131	12960.47384304134	J	40s ribosomal protein s19	MHS440	fungi_OG
3P1YY|Fungi	1010	1333.3184121068214	J	Belongs to the bacterial ribosomal protein bL17 family	MHS440	fungi_OG
3P1Z9|Fungi	619	1166.9154315366502	O	fe-s protein assembly co-chaperone	MHS440	fungi_OG
3P1ZG|Fungi	105	203.32268377126968	S	Integral inner nuclear membrane protein ima1	MHS440	fungi_OG
3P1ZM|Fungi	369	697.7742789665783	J	ribosomal protein	MHS440	fungi_OG
3P1ZN|Fungi	14	45.751633986928105	S	Oxidoreductase-like protein	MHS440	fungi_OG
3P1ZZ|Fungi	88	116.52368353540716	S	carbohydrate-binding module family 13 protein	MHS440	fungi_OG
3P20Z|Fungi	4215	9905.920904237844	J	Belongs to the universal ribosomal protein uS12 family	MHS440	fungi_OG
3P215|Fungi	799	2778.0324074393975	C	nadh-ubiquinone oxidoreductase	MHS440	fungi_OG
3P21F|Fungi	189	123.49650349650351	TZ	LIM domain-containing protein	MHS440	fungi_OG
3P21M|Fungi	110	77.68361581920904	S	conserved membrane protein	MHS440	fungi_OG
3P21Q|Fungi	1287	1285.9731978156008	A	ribosomal biogenesis protein gar2	MHS440	fungi_OG
3P21Z|Fungi	71	215.95498998468244	S	Alkbh6 protein	MHS440	fungi_OG
3P222|Fungi	7305	12344.391503467668	J	Belongs to the eukaryotic ribosomal protein eL13 family	MHS440	fungi_OG
3P22K|Fungi	96	193.5540879765319	J	Translin-associated protein X	MHS440	fungi_OG
3P23A|Fungi	808	1023.9170480458597	V	-phosphatase	MHS440	fungi_OG
3P23E|Fungi	558	616.7612824907169	S	Beta-lactamase superfamily domain	MHS440	fungi_OG
3P23V|Fungi	301	404.5698924731183	K	Transcription factor	MHS440	fungi_OG
3P247|Fungi	263	167.94380587484036	O	-phosphatase	MHS440	fungi_OG
3P248|Fungi	773	1706.906509818812	J	Required for ribosome biogenesis. Part of a complex which catalyzes pseudouridylation of rRNA. This involves the isomerization of uridine such that the ribose is subsequently attached to C5, instead of the normal N1	MHS440	fungi_OG
3P24C|Fungi	267	396.8155553833303	U	GTP-binding protein	MHS440	fungi_OG
3P24D|Fungi	6	18.01801801801802	J	ribosomal protein	MHS440	fungi_OG
3P24F|Fungi	1245	2769.5710618319395	E	Belongs to the glutathione peroxidase family	MHS440	fungi_OG
3P24Y|Fungi	607	1329.4455544455545	S	Component of the MICOS complex, a large protein complex of the mitochondrial inner membrane that plays crucial roles in the maintenance of crista junctions, inner membrane architecture, and formation of contact sites to the outer membrane	MHS440	fungi_OG
3P25D|Fungi	125	409.690226931366	O	Belongs to the class VI-like SAM-binding methyltransferase superfamily. Isoprenylcysteine carboxyl methyltransferase family	MHS440	fungi_OG
3P25I|Fungi	447	528.8979340560583	I	Catalyzes the third of the four reactions of the long- chain fatty acids elongation cycle. This endoplasmic reticulum- bound enzymatic process, allows the addition of two carbons to the chain of long- and very long-chain fatty acids VLCFAs per cycle. This enzyme catalyzes the dehydration of the 3-hydroxyacyl-CoA intermediate into trans-2,3-enoyl-CoA, within each cycle of fatty acid elongation. Thereby, it participates to the production of VLCFAs of different chain lengths that are involved in multiple biological processes as precursors of membrane lipids and lipid mediators	MHS440	fungi_OG
3P25J|Fungi	192	489.13232481307597	U	Belongs to the SNF7 family	MHS440	fungi_OG
3P25K|Fungi	1149	428.6010136035465	S	NA	MHS440	fungi_OG
3P25N|Fungi	485	863.094552407881	S	Glycosyl hydrolases family 8	MHS440	fungi_OG
3P25X|Fungi	584	420.52333821655293	DK	Not2 family	MHS440	fungi_OG
3P25Z|Fungi	9	37.5	S	Polyketide cyclase / dehydrase and lipid transport	MHS440	fungi_OG
3P261|Fungi	26	51.282051282051285	J	Exosome complex subunit Rrp46	MHS440	fungi_OG
3P262|Fungi	166	412.2921077808296	J	Neddylation of cullins play an essential role in the regulation of SCF-type complexes activity	MHS440	fungi_OG
3P268|Fungi	301	655.0248285238551	A	nuclear cap-binding protein subunit 2	MHS440	fungi_OG
3P26V|Fungi	220	194.00352733686069	B	SET and MYND domain protein	MHS440	fungi_OG
3P273|Fungi	111	254.22974503832518	A	rna binding	MHS440	fungi_OG
3P274|Fungi	4302	9325.821247236392	F	Nucleoside diphosphate kinase	MHS440	fungi_OG
3P276|Fungi	224	302.2941970310391	S	Saccharomyces cerevisiae YCR016w	MHS440	fungi_OG
3P27A|Fungi	719	690.9983641850235	O	Belongs to the peptidase A1 family	MHS440	fungi_OG
3P27E|Fungi	651	759.5535906027613	C	Ubiquinol cytochrome-c reductase assembly protein Cbp3	MHS440	fungi_OG
3P27J|Fungi	549	591.3409968864778	S	SNARE associated Golgi protein	MHS440	fungi_OG
3P284|Fungi	102	53.54330708661417	PQ	reductase	MHS440	fungi_OG
3P285|Fungi	7104	18572.31457340821	J	60s ribosomal protein	MHS440	fungi_OG
3P286|Fungi	546	841.8877097355196	S	Tetratricopeptide repeat domain containing protein	MHS440	fungi_OG
3P28B|Fungi	230	158.09069719987698	D	haspin protein kinase	MHS440	fungi_OG
3P28K|Fungi	388	618.8197767145135	A	C2H2 finger	MHS440	fungi_OG
3P28S|Fungi	489	1310.1895341275188	O	Belongs to the ubiquitin-conjugating enzyme family	MHS440	fungi_OG
3P28T|Fungi	729	1321.3414544053448	S	DUF1275 domain protein	MHS440	fungi_OG
3P28W|Fungi	4348	11579.31192804112	J	60S ribosomal protein L24	MHS440	fungi_OG
3P29M|Fungi	835	1163.1795036612161	S	NA	MHS440	fungi_OG
3P29N|Fungi	809	725.7647907647907	C	oxidoreductase activity	MHS440	fungi_OG
3P2A1|Fungi	895	493.3531664789156	G	phosphoribosylglycinamide formyltransferase	MHS440	fungi_OG
3P2A4|Fungi	149	516.3978235886995	Q	thioesterase	MHS440	fungi_OG
3P2B2|Fungi	1736	4756.632781849577	J	Belongs to the universal ribosomal protein uS13 family	MHS440	fungi_OG
3P2B4|Fungi	197	334.2016095606368	IKT	Belongs to the inositol phosphokinase (IPK) family	MHS440	fungi_OG
3P2BK|Fungi	414	1052.467497027145	A	Small nuclear ribonucleoprotein	MHS440	fungi_OG
3P2BQ|Fungi	3287	10509.322780944523	K	Nascent polypeptide-associated complex subunit beta	MHS440	fungi_OG
3P2BT|Fungi	126	481.47717875622646	U	PRA1 family	MHS440	fungi_OG
3P2BY|Fungi	65	225.82972582972585	A	Small nuclear ribonucleoprotein	MHS440	fungi_OG
3P2BZ|Fungi	519	827.9279826381008	S	Secretory component protein shr3	MHS440	fungi_OG
3P2C9|Fungi	5	22.52252252252252	V	Tyrosine phosphatase family	MHS440	fungi_OG
3P2CC|Fungi	240	779.9739090061671	S	Domain of unknown function (DUF4112)	MHS440	fungi_OG
3P2CG|Fungi	2	5.012531328320802	S	Repeated motif present between transmembrane helices in cystinosin, yeast ERS1p, mannose-P-dolichol utilization defect 1, and other hypothetical proteins.	MHS440	fungi_OG
3P2CR|Fungi	285	251.32275132275134	A	u2 snrnp component ist3	MHS440	fungi_OG
3P2CU|Fungi	69	161.40868923290705	S	NADH-ubiquinone oxidoreductase 21 kDa subunit	MHS440	fungi_OG
3P2D6|Fungi	619	267.4199945846799	IOT	Lipase (class 3)	MHS440	fungi_OG
3P2DF|Fungi	398	964.1508662124579	C	2fe-2s iron-sulfur cluster binding	MHS440	fungi_OG
3P2DH|Fungi	19	35.580524344569284	C	Belongs to the cytochrome b5 family	MHS440	fungi_OG
3P2DI|Fungi	45	109.07625857669936	G	Lipase (Class 3)	MHS440	fungi_OG
3P2F9|Fungi	113	244.98882834225458	S	Phospholipase C P1 nuclease	MHS440	fungi_OG
3P2FM|Fungi	120	219.78021978021977	S	Protein of unknown function (DUF3752)	MHS440	fungi_OG
3P2G0|Fungi	1879	1421.3970533199413	S	(GTP)-binding protein	MHS440	fungi_OG
3P2G3|Fungi	185	329.77710177280994	D	pci domain-containing protein	MHS440	fungi_OG
3P2G8|Fungi	114	188.8977813347561	S	AT DNA binding protein	MHS440	fungi_OG
3P2GE|Fungi	32	47.61904761904761	S	NA	MHS440	fungi_OG
3P2GK|Fungi	128	254.961666701978	S	N-acetyltransferase	MHS440	fungi_OG
3P2GM|Fungi	3	13.333333333333332	U	transporter	MHS440	fungi_OG
3P2GP|Fungi	494	1025.294546029454	J	duf866 domain-containing protein	MHS440	fungi_OG
3P2HC|Fungi	196	349.3761140819964	J	ribosomal protein	MHS440	fungi_OG
3P2HD|Fungi	253	421.9747548956427	O	mitochondrial inner membrane protease subunit	MHS440	fungi_OG
3P2HS|Fungi	421	603.6307243203795	F	thioesterase	MHS440	fungi_OG
3P2HU|Fungi	253	412.00767052347385	S	Ankyrin repeat protein	MHS440	fungi_OG
3P2I1|Fungi	109	235.33865940927782	E	sulfhydryl oxidase	MHS440	fungi_OG
3P2I4|Fungi	1961	4998.222106939477	I	LAGLIDADG endonuclease	MHS440	fungi_OG
3P2IN|Fungi	914	329.60683814490136	S	Pentatricopeptide repeat domain	MHS440	fungi_OG
3P2J2|Fungi	623	1178.9062029612733	S	Peroxisomal biogenesis factor 11 (PEX11)	MHS440	fungi_OG
3P2J3|Fungi	1082	738.0951785992297	S	Protein of unknown function (DUF1769)	MHS440	fungi_OG
3P2J7|Fungi	11	50.21786492374728	S	Zinc finger protein	MHS440	fungi_OG
3P2KH|Fungi	75	119.04761904761905	S	PPP4R2	MHS440	fungi_OG
3P2NF|Fungi	3062	6041.0385470168085	O	co-chaperone	MHS440	fungi_OG
3P2NW|Fungi	2284	3697.4372776205896	J	DUF1014 domain protein	MHS440	fungi_OG
3P2P3|Fungi	468	371.48615915408607	O	Zinc finger, C3HC4 type (RING finger)	MHS440	fungi_OG
3P2P5|Fungi	117	209.6774193548387	S	GATA zinc finger	MHS440	fungi_OG
3P2PC|Fungi	296	197.33333333333334	S	Major Facilitator Superfamily	MHS440	fungi_OG
3P2PM|Fungi	152	132.63525305410124	K	Sexual development transcription factor NsdD	MHS440	fungi_OG
3P2PU|Fungi	329	546.1652135601715	S	Involved in nucleolar processing of pre-18S ribosomal RNA	MHS440	fungi_OG
3P2Q0|Fungi	388	1100.579852936813	OU	Vacuolar transporter chaperone 1	MHS440	fungi_OG
3P2Q1|Fungi	238	120.9349593495935	S	WD40 repeat-like protein	MHS440	fungi_OG
3P2Q3|Fungi	60	170.12368691028365	S	Duf1168 domain protein	MHS440	fungi_OG
3P2Q6|Fungi	1283	1205.7806524460075	H	RraA-like protein	MHS440	fungi_OG
3P2QG|Fungi	2290	3869.6422094010077	U	Mitochondrial import receptor subunit tom20	MHS440	fungi_OG
3P2QH|Fungi	938	767.7832291496121	K	Mediator of diverse signals that repress RNA polymerase III transcription. Inhibits the de novo assembly of TFIIIB onto DNA	MHS440	fungi_OG
3P2QP|Fungi	5118	12642.72851216724	C	Scaffold protein for the de novo synthesis of iron- sulfur (Fe-S) clusters within mitochondria, which is required for maturation of both mitochondrial and cytoplasmic 2Fe-2S and 4Fe-4S proteins	MHS440	fungi_OG
3P2QQ|Fungi	26	83.25614483066511	DZ	Cell division control protein	MHS440	fungi_OG
3P2QV|Fungi	102	341.5415415415415	S	Pre-mRNA splicing factor ini1	MHS440	fungi_OG
3P2R2|Fungi	8	39.272030651341	A	cis-trans isomerase	MHS440	fungi_OG
3P2R4|Fungi	210	320.9739286437103	S	escrt-ii complex	MHS440	fungi_OG
3P2R6|Fungi	284	631.945707945482	O	)-reductase	MHS440	fungi_OG
3P2R7|Fungi	761	1963.5983797793072	AJ	ribonucleoprotein-associated protein	MHS440	fungi_OG
3P2R9|Fungi	209	423.158419950305	S	NA	MHS440	fungi_OG
3P2RB|Fungi	143	381.3333333333333	Z	Ubiquitin-like modifier involved in autophagosomes formation. With atg4, mediates the delivery of the autophagosomes to the vacuole via the microtubule cytoskeleton. Required for selective autophagic degradation of the nucleus (nucleophagy) as well as for mitophagy which contributes to regulate mitochondrial quantity and quality by eliminating the mitochondria to a basal level to fulfill cellular energy requirements and preventing excess ROS production. Participates also in membrane fusion events that take place in the early secretory pathway. Also involved in endoplasmic reticulum-specific autophagic process and is essential for the survival of cells subjected to severe ER stress. The atg8- PE conjugate mediates tethering between adjacent membranes and stimulates membrane hemifusion, leading to expansion of the autophagosomal membrane during autophagy	MHS440	fungi_OG
3P2RD|Fungi	1424	3905.850873385093	O	peptide methionine sulfoxide reductase	MHS440	fungi_OG
3P2RG|Fungi	27	65.69343065693431	A	RNA recognition motif	MHS440	fungi_OG
3P2RM|Fungi	2156	5603.593155359957	J	40s ribosomal protein s17	MHS440	fungi_OG
3P2RN|Fungi	28	53.94148720032507	S	OHCU decarboxylase	MHS440	fungi_OG
3P2S3|Fungi	1007	1332.393220022023	O	nucleotide exchange factor	MHS440	fungi_OG
3P2SB|Fungi	238	416.58882063670063	S	Putative adipose-regulatory protein (Seipin)	MHS440	fungi_OG
3P2SC|Fungi	134	182.65585256994768	O	UreF	MHS440	fungi_OG
3P2SD|Fungi	37	109.7347712037307	U	Belongs to the SNF7 family	MHS440	fungi_OG
3P2SE|Fungi	482	1039.8533950617284	B	high mobility group	MHS440	fungi_OG
3P2SY|Fungi	244	536.9515075890002	S	rrna-processing protein fcf2	MHS440	fungi_OG
3P2T1|Fungi	169	633.280316175053	J	Transcription initiation factor	MHS440	fungi_OG
3P2T2|Fungi	83	309.14380393866	O	Disrupter of telomere silencing protein	MHS440	fungi_OG
3P2TA|Fungi	39	101.12212349054454	K	DNA-dependent RNA polymerase catalyzes the transcription of DNA into RNA using the four ribonucleoside triphosphates as substrates	MHS440	fungi_OG
3P2TD|Fungi	3733	10262.987865181938	B	Histone H2a	MHS440	fungi_OG
3P2TE|Fungi	386	232.2855067953107	S	Cell morphogenesis protein Las1	MHS440	fungi_OG
3P2TM|Fungi	663	573.8357843137255	S	NA	MHS440	fungi_OG
3P2TN|Fungi	240	1213.1074655560287	C	Belongs to the complex I LYR family	MHS440	fungi_OG
3P2TQ|Fungi	6531	20241.979118961783	J	ribosomal protein	MHS440	fungi_OG
3P2TR|Fungi	751	1649.093524802508	C	succinate dehydrogenase ubiquinone cytochrome b small subunit	MHS440	fungi_OG
3P2U5|Fungi	223	639.5688147840569	O	Belongs to the glutaredoxin family. Monothiol subfamily	MHS440	fungi_OG
3P2UA|Fungi	441	529.0112007530882	A	U1 zinc finger	MHS440	fungi_OG
3P2UB|Fungi	654	1604.189683330129	P	Iron-sulfur cluster assembly accessory protein	MHS440	fungi_OG
3P2UD|Fungi	553	1038.539177249209	A	polyadenylate-binding protein 2	MHS440	fungi_OG
3P2UG|Fungi	4938	11412.937884146395	J	Seems to be required for maximal rate of protein biosynthesis. Enhances ribosome dissociation into subunits and stabilizes the binding of the initiator Met-tRNA(I) to 40 S ribosomal subunits	MHS440	fungi_OG
3P2UX|Fungi	391	514.9713993544883	S	NA	MHS440	fungi_OG
3P2VY|Fungi	362	472.3642038922363	CO	Links covalently the heme group to the apoprotein of cytochrome c	MHS440	fungi_OG
3P2W4|Fungi	3236	8212.573471978212	J	60s ribosomal protein l32	MHS440	fungi_OG
3P2W6|Fungi	18	28.436018957345972	S	to Saccharomyces cerevisiae TFS1 (YLR178C)	MHS440	fungi_OG
3P2W9|Fungi	925	1151.110531502941	I	Cupin-like domain	MHS440	fungi_OG
3P2WB|Fungi	2620	7391.774810457774	J	60S ribosomal protein L22	MHS440	fungi_OG
3P2WE|Fungi	46	92.92929292929293	S	Vps51/Vps67	MHS440	fungi_OG
3P2WI|Fungi	92	271.3895593176185	A	Pre-mRNA-splicing factor CWC21	MHS440	fungi_OG
3P2WN|Fungi	345	681.1895369587677	J	Belongs to the universal ribosomal protein uS12 family	MHS440	fungi_OG
3P2WZ|Fungi	271	250.9259259259259	S	ATP dependent DNA ligase domain	MHS440	fungi_OG
3P2X8|Fungi	963	2469.850032893681	J	Belongs to the universal ribosomal protein uL14 family	MHS440	fungi_OG
3P2XC|Fungi	633	2064.3686638752592	Z	Belongs to the actin-binding proteins ADF family	MHS440	fungi_OG
3P2XI|Fungi	163	532.0099807599807	K	transcription initiation factor tfiid subunit	MHS440	fungi_OG
3P2XK|Fungi	3222	9900.97942811116	J	Belongs to the universal ribosomal protein uS8 family	MHS440	fungi_OG
3P2XM|Fungi	58	148.66599090716312	S	PX domain-containing protein	MHS440	fungi_OG
3P2XN|Fungi	272	784.2996009828597	T	HIT family protein 1	MHS440	fungi_OG
3P2XV|Fungi	940	3845.029451282708	S	nadh-ubiquinone oxidoreductase 21.3 kda subunit	MHS440	fungi_OG
3P2Y0|Fungi	60	57.971014492753625	S	NAD(P)-binding Rossmann-like domain	MHS440	fungi_OG
3P2YC|Fungi	224	215.33092324330704	S	Potential Queuosine, Q, salvage protein family	MHS440	fungi_OG
3P2YN|Fungi	5970	24162.927302401233	J	Belongs to the eukaryotic ribosomal protein eL27 family	MHS440	fungi_OG
3P2YY|Fungi	652	432.3170855539402	F	thymidylate kinase	MHS440	fungi_OG
3P2Z3|Fungi	294	1141.3371719823333	Z	Tropomyosin	MHS440	fungi_OG
3P2Z4|Fungi	178	340.99616858237545	O	Belongs to the peptidase A1 family	MHS440	fungi_OG
3P2Z6|Fungi	7048	10801.012893243364	S	keto- reductase	MHS440	fungi_OG
3P2ZC|Fungi	234	702.0097593251178	O	ring-box protein	MHS440	fungi_OG
3P2ZD|Fungi	382	856.9460751611007	S	NA	MHS440	fungi_OG
3P2ZM|Fungi	760	1662.5724326223085	K	Belongs to the DHHC palmitoyltransferase family	MHS440	fungi_OG
3P2ZN|Fungi	1659	2154.5458748018236	C	Regulatory protein suaprga1	MHS440	fungi_OG
3P2ZR|Fungi	75	117.9245283018868	G	Belongs to the type-B carboxylesterase lipase family	MHS440	fungi_OG
3P2ZU|Fungi	643	2052.873535156862	J	ribosomal protein	MHS440	fungi_OG
3P30A|Fungi	344	203.78165492260914	A	rna-binding domain-containing protein	MHS440	fungi_OG
3P30H|Fungi	672	1477.991110969985	U	Mitochondrial import inner membrane translocase subunit TIM22	MHS440	fungi_OG
3P30X|Fungi	210	366.20397531601577	U	TRAPP complex subunit bet5	MHS440	fungi_OG
3P312|Fungi	233	443.6110297778342	S	protein required for cell	MHS440	fungi_OG
3P317|Fungi	334	387.04838940564446	S	NA	MHS440	fungi_OG
3P318|Fungi	11	55.55555555555555	D	Checkpoint protein	MHS440	fungi_OG
3P31A|Fungi	2227	3926.4191800549506	S	NA	MHS440	fungi_OG
3P31I|Fungi	250	615.2129816098725	A	Small nuclear ribonucleoprotein	MHS440	fungi_OG
3P31M|Fungi	7245	8277.939681991575	O	Belongs to the peptidase A1 family	MHS440	fungi_OG
3P31S|Fungi	1135	507.67128620737134	D	Sad1 / UNC-like C-terminal	MHS440	fungi_OG
3P329|Fungi	54	251.79013437057992	S	Saccharomyces cerevisiae YKR074W	MHS440	fungi_OG
3P333|Fungi	3577	9875.634311695692	J	Belongs to the eukaryotic ribosomal protein eS24 family	MHS440	fungi_OG
3P342|Fungi	328	686.7838766426527	B	Variant histone H2A which can replace H2A in some nucleosomes. Nucleosomes wrap and compact DNA into chromatin, limiting DNA accessibility to the cellular machineries which require DNA as a template. Histones thereby play a central role in transcription regulation, DNA repair, DNA replication and chromosomal stability. DNA accessibility is regulated via a complex set of post-translational modifications of histones, also called histone code, and nucleosome remodeling. This variant is enriched at promoters, it may keep them in a repressed state until the appropriate activation signal is received. Near telomeres, it may counteract gene silencing caused by the spread of heterochromatin proteins. Required for the RNA polymerase II and SPT15 TBP recruitment to the target genes. Involved in chromosome stability (By similarity)	MHS440	fungi_OG
3P34B|Fungi	2999	8465.919763144066	C	Mitochondrial membrane ATP synthase (F(1)F(0) ATP synthase or Complex V) produces ATP from ADP in the presence of a proton gradient across the membrane which is generated by electron transport complexes of the respiratory chain. F-type ATPases consist of two structural domains, F(1) - containing the extramembraneous catalytic core, and F(0) - containing the membrane proton channel, linked together by a central stalk and a peripheral stalk. During catalysis, ATP synthesis in the catalytic domain of F(1) is coupled via a rotary mechanism of the central stalk subunits to proton translocation. Part of the complex F(0) domain and the peripheric stalk, which acts as a stator to hold the catalytic alpha(3)beta(3) subcomplex and subunit a ATP6 static relative to the rotary elements	MHS440	fungi_OG
3P34G|Fungi	399	1117.9540609911694	A	small nuclear ribonucleoprotein SM D3	MHS440	fungi_OG
3P34P|Fungi	438	518.5946977806473	A	RNA recognition motif	MHS440	fungi_OG
3P35N|Fungi	10	26.041666666666668	S	Mitotic spindle biogenesis protein	MHS440	fungi_OG
3P363|Fungi	43	103.72960372960372	S	mind kinetochore complex component nnf1	MHS440	fungi_OG
3P365|Fungi	533	273.51615686720857	S	Protein of unknown function (DUF2841)	MHS440	fungi_OG
3P368|Fungi	78	60.889929742388766	S	Essential protein required for the accumulation of box C D snoRNA	MHS440	fungi_OG
3P375|Fungi	366	607.9181396083942	G	Phosphoglycerate mutase family	MHS440	fungi_OG
3P37B|Fungi	794	1593.3811513885878	S	Cytochrome oxidase	MHS440	fungi_OG
3P37U|Fungi	575	1236.026580538243	S	Peptide alpha-N-acetyltransferase	MHS440	fungi_OG
3P37W|Fungi	140	295.1945470073314	J	Deacylase	MHS440	fungi_OG
3P37X|Fungi	156	493.0338238740375	U	Belongs to the small GTPase superfamily. Arf family	MHS440	fungi_OG
3P38A|Fungi	251	326.70755897355747	A	Nucleolar protein	MHS440	fungi_OG
3P38D|Fungi	18	31.415929203539825	MO	biosynthesis protein	MHS440	fungi_OG
3P38V|Fungi	89	200.97029407374234	S	NA	MHS440	fungi_OG
3P391|Fungi	18	22.304832713754646	A	DEAD-like helicases superfamily	MHS440	fungi_OG
3P395|Fungi	242	526.3000308556649	S	NA	MHS440	fungi_OG
3P39D|Fungi	207	117.54684838160136	T	small GTPase mediated signal transduction	MHS440	fungi_OG
3P3A0|Fungi	34	56.95142378559464	S	NA	MHS440	fungi_OG
3P3AB|Fungi	26	71.62534435261708	A	U6 snRNA-associated Sm-like protein LSM4	MHS440	fungi_OG
3P3AM|Fungi	173	319.3784212042639	Z	Functions as component of the Arp2 3 complex which is involved in regulation of actin polymerization and together with an activating nucleation-promoting factor (NPF) mediates the formation of branched actin networks	MHS440	fungi_OG
3P3AV|Fungi	841	1553.4697293768652	A	Glycine-rich RNA-binding protein	MHS440	fungi_OG
3P3B9|Fungi	80	207.29398800342142	S	DUF498 domain protein	MHS440	fungi_OG
3P3BC|Fungi	1279	1713.8729970715465	P	Iron/manganese superoxide dismutases, C-terminal domain	MHS440	fungi_OG
3P3DF|Fungi	1468	3372.5107479311137	J	Translation Initiation Factor	MHS440	fungi_OG
3P3DJ|Fungi	183	581.6105431725424	J	ribosomal protein	MHS440	fungi_OG
3P3F7|Fungi	717	485.1890227227142	K	to Saccharomyces cerevisiae SNT1 (YCR033W)	MHS440	fungi_OG
3P3F9|Fungi	314	594.6969696969696	U	Cytochrome c oxidase subunit which plays a role in assembly of respiratory supercomplexes	MHS440	fungi_OG
3P3FI|Fungi	91	231.44329896907217	U	SNARE complex subunit (Bet1)	MHS440	fungi_OG
3P3FS|Fungi	406	391.1368015414258	S	pre-mRNA-splicing factor spp2	MHS440	fungi_OG
3P3FU|Fungi	38	165.3013653013653	T	vacuolar protein sorting 55	MHS440	fungi_OG
3P3G2|Fungi	177	265.9155659155659	K	Component of the SWR1 complex which mediates the ATP- dependent exchange of histone H2A for the H2A variant HZT1 leading to transcriptional regulation of selected genes by chromatin remodeling. Component of the NuA4 histone acetyltransferase complex which is involved in transcriptional activation of selected genes principally by acetylation of nucleosomal histones H4 and H2A. The NuA4 complex is also involved in DNA repair. Yaf9 may also be required for viability in conditions in which the structural integrity of the spindle is compromised (By similarity)	MHS440	fungi_OG
3P3G4|Fungi	127	291.61178877969064	S	duf926-domain-containing protein	MHS440	fungi_OG
3P3GF|Fungi	611	651.3128410104264	T	protein tyrosine/serine/threonine phosphatase activity	MHS440	fungi_OG
3P3GZ|Fungi	1	5.952380952380952	A	Ribosomal RNA-processing protein 7 (RRP7)	MHS440	fungi_OG
3P3H5|Fungi	153	467.48420661464144	A	pre-mRNA branch site protein p14	MHS440	fungi_OG
3P3HH|Fungi	1714	2844.3257145101525	S	Expressed protein	MHS440	fungi_OG
3P3HV|Fungi	202	457.4112502293941	S	Ergosterol biosynthesis protein	MHS440	fungi_OG
3P3I1|Fungi	196	549.8413532677736	BT	Cupin-like domain	MHS440	fungi_OG
3P3IH|Fungi	1960	3210.559280575236	S	LAGLIDADG endonuclease	MHS440	fungi_OG
3P3J3|Fungi	645	1045.374266271882	S	Beta-flanking protein	MHS440	fungi_OG
3P3JH|Fungi	46	25.944726452340667	S	Microtubule binding protein HOOK3	MHS440	fungi_OG
3P3JV|Fungi	190	99.113197704747	G	hydrolase family 85 protein	MHS440	fungi_OG
3P3K1|Fungi	36	62.306501547987615	S	Involved in protein N-glycosylation. Essential for the second step of the dolichol-linked oligosaccharide pathway	MHS440	fungi_OG
3P3K9|Fungi	496	735.4384912015155	S	Protein of unknown function (DUF2456)	MHS440	fungi_OG
3P3KH|Fungi	136	278.1919650684634	K	Belongs to the CGI121 TPRKB family	MHS440	fungi_OG
3P3M5|Fungi	380	161.27946127946126	S	NA	MHS440	fungi_OG
3P3ME|Fungi	194	375.97222222222223	O	RING finger domain-containing protein	MHS440	fungi_OG
3P3MK|Fungi	382	329.46092925719984	S	NA	MHS440	fungi_OG
3P3MU|Fungi	135	160.38291605301913	J	Methionyl-tRNA formyltransferase	MHS440	fungi_OG
3P3N3|Fungi	56769	64599.38039136178	O	Belongs to the peptidase A1 family	MHS440	fungi_OG
3P3NU|Fungi	6	24.096385542168676	O	Belongs to the ubiquitin-conjugating enzyme family	MHS440	fungi_OG
3P3P4|Fungi	510	1039.6127681841967	S	complex i intermediate-associated protein	MHS440	fungi_OG
3P3PH|Fungi	153	407.9861111111111	S	Domain of unknown function (DUF4112)	MHS440	fungi_OG
3P3Q7|Fungi	5	26.455026455026456	G	Acetyltransferase (GNAT) domain	MHS440	fungi_OG
3P3QH|Fungi	260	592.2013665279196	S	NA	MHS440	fungi_OG
3P3QN|Fungi	343	216.54040404040404	O	Peptidase family M50	MHS440	fungi_OG
3P3QV|Fungi	248	139.16947250280583	S	CS domain	MHS440	fungi_OG
3P3QW|Fungi	73	176.02002041126528	S	Belongs to the cytochrome b5 family	MHS440	fungi_OG
3P3RK|Fungi	1171	1310.6602727796815	V	alpha/beta hydrolase fold	MHS440	fungi_OG
3P3SB|Fungi	49	104.57169789089195	S	DUF775 domain protein	MHS440	fungi_OG
3P3SN|Fungi	38	63.651591289782246	S	Cwf18 pre-mRNA splicing factor	MHS440	fungi_OG
3P3TN|Fungi	92	305.44357603181135	C	Subunit of the peripheral V1 complex of vacuolar ATPase essential for assembly or catalytic function. V-ATPase is responsible for acidifying a variety of intracellular compartments in eukaryotic cells	MHS440	fungi_OG
3P3TS|Fungi	654	1757.5256124249847	C	Accessory subunit of the mitochondrial membrane respiratory chain NADH dehydrogenase (Complex I), that is believed not to be involved in catalysis. Complex I functions in the transfer of electrons from NADH to the respiratory chain. The immediate electron acceptor for the enzyme is believed to be ubiquinone	MHS440	fungi_OG
3P3TV|Fungi	217	210.82001769145353	K	telomeric loop formation	MHS440	fungi_OG
3P3U4|Fungi	624	927.6786519915328	S	NA	MHS440	fungi_OG
3P3U5|Fungi	342	1156.0731421940645	C	Mediates the uptake of pyruvate into mitochondria	MHS440	fungi_OG
3P3UA|Fungi	96	183.90804597701148	S	zinc- finger protein	MHS440	fungi_OG
3P3UC|Fungi	227	241.74653887113953	K	zinc finger binding to DNA consensus sequence [AT]GATA[AG]	MHS440	fungi_OG
3P3UD|Fungi	18	74.80375557949822	S	GAL4-like Zn(II)2Cys6 (or C6 zinc) binuclear cluster DNA-binding domain	MHS440	fungi_OG
3P3UE|Fungi	53	175.16422104440915	DO	Component of the anaphase promoting complex cyclosome (APC C), a cell cycle-regulated E3 ubiquitin-protein ligase complex that controls progression through mitosis and the G1 phase of the cell cycle	MHS440	fungi_OG
3P3UI|Fungi	1119	3761.6680041202585	C	cytochrome C oxidase	MHS440	fungi_OG
3P3UN|Fungi	298	474.7371065731269	J	transcription initiation factor	MHS440	fungi_OG
3P3US|Fungi	285	910.8241670652001	H	Binds to the catalytic subunit of the cyclin dependent kinases and is essential for their biological function	MHS440	fungi_OG
3P3UT|Fungi	43	82.45740813734507	Z	Belongs to the actin family	MHS440	fungi_OG
3P3UV|Fungi	109	330.1362580195958	S	NA	MHS440	fungi_OG
3P3UZ|Fungi	358	165.65397663960522	O	protease	MHS440	fungi_OG
3P3VF|Fungi	7996	22152.921052360776	J	40S ribosomal protein S20	MHS440	fungi_OG
3P3VM|Fungi	312	882.2148903363175	U	protein particle complex subunit	MHS440	fungi_OG
3P3VN|Fungi	5084	15218.802174840486	J	ribosomal protein	MHS440	fungi_OG
3P3VQ|Fungi	1723	4167.1399921029	J	40s ribosomal protein	MHS440	fungi_OG
3P3VX|Fungi	208	542.7957146455473	S	Plays an essential role in the assembly of succinate dehydrogenase (SDH), an enzyme complex (also referred to as respiratory complex II) that is a component of both the tricarboxylic acid (TCA) cycle and the mitochondrial electron transport chain, and which couples the oxidation of succinate to fumarate with the reduction of ubiquinone (coenzyme Q) to ubiquinol. Promotes maturation of the iron-sulfur protein subunit of the SDH catalytic dimer, protecting it from the deleterious effects of oxidants. May act together with SDHAF1	MHS440	fungi_OG
3P3W3|Fungi	508	1422.8560473658513	K	dna-directed rna	MHS440	fungi_OG
3P3WE|Fungi	178	118.42980705256156	S	Pericentrin-AKAP-450 domain of centrosomal targeting protein	MHS440	fungi_OG
3P3WJ|Fungi	202	277.65987549518957	S	phosphatidylglycerol phosphatidylinositol transfer protein	MHS440	fungi_OG
3P3WK|Fungi	343	345.5653276055575	J	Catalyzes the synthesis of dihydrouridine, a modified base found in the D-loop of most tRNAs	MHS440	fungi_OG
3P3WN|Fungi	620	1239.4702032859927	I	Carrier of the growing fatty acid chain in fatty acid biosynthesis	MHS440	fungi_OG
3P3WR|Fungi	603	238.99695614368576	S	NA	MHS440	fungi_OG
3P3WS|Fungi	25	68.38331850722244	U	Presequence translocated-associated motor subunit PAM17	MHS440	fungi_OG
3P3WW|Fungi	6171	19808.503509863065	C	Electron carrier protein. The oxidized form of the cytochrome c heme group can accept an electron from the heme group of the cytochrome c1 subunit of cytochrome reductase. Cytochrome c then transfers this electron to the cytochrome oxidase complex, the final protein carrier in the mitochondrial electron-transport chain	MHS440	fungi_OG
3P3X2|Fungi	75	238.5662801330033	K	TFIIA is a component of the transcription machinery of RNA polymerase II and plays an important role in transcriptional activation	MHS440	fungi_OG
3P3X3|Fungi	2471	8238.786160213262	J	60S ribosomal protein	MHS440	fungi_OG
3P3X6|Fungi	88	149.65986394557825	OT	cop9 signalosome complex subunit 7a	MHS440	fungi_OG
3P3X9|Fungi	44	176.8350047629593	O	prefoldin subunit 2	MHS440	fungi_OG
3P3XM|Fungi	151	303.347629956549	H	riboflavin kinase	MHS440	fungi_OG
3P3XV|Fungi	31	52.04444678128888	S	n-terminal acetyltransferase c complex catalytic subunit mak3	MHS440	fungi_OG
3P3Y4|Fungi	103	204.86644863060002	O	protease	MHS440	fungi_OG
3P3Y6|Fungi	552	400.3654003654004	S	Lactonase, 7-bladed beta-propeller	MHS440	fungi_OG
3P3YE|Fungi	81	123.8532110091743	S	Folate-sensitive fragile site protein Fra10Ac1	MHS440	fungi_OG
3P3YM|Fungi	15	69.44444444444444	U	Nuclear transport factor 2	MHS440	fungi_OG
3P3YN|Fungi	991	3223.2315293132315	CD	nadh-ubiquinone oxidoreductase subunit grim-19	MHS440	fungi_OG
3P3YS|Fungi	275	361.16546103939703	K	transcription factor (TFIIIB)	MHS440	fungi_OG
3P3Z6|Fungi	2714	9724.210979351179	J	Belongs to the eukaryotic ribosomal protein eL42 family	MHS440	fungi_OG
3P3Z7|Fungi	1476	1637.5941312296768	B	SET domain	MHS440	fungi_OG
3P3ZC|Fungi	730	643.2035782069195	S	SNARE associated Golgi protein	MHS440	fungi_OG
3P3ZG|Fungi	1158	4719.550311883187	J	60s ribosomal protein l35	MHS440	fungi_OG
3P3ZS|Fungi	97	194.36499573485872	J	Belongs to the universal ribosomal protein uS13 family	MHS440	fungi_OG
3P3ZU|Fungi	10	54.6448087431694	S	May be involved in the degradation of misfolded endoplasmic reticulum (ER) luminal proteins	MHS440	fungi_OG
3P3ZX|Fungi	3508	12166.748931351549	B	Core component of nucleosome. Nucleosomes wrap and compact DNA into chromatin, limiting DNA accessibility to the cellular machineries which require DNA as a template. Histones thereby play a central role in transcription regulation, DNA repair, DNA replication and chromosomal stability. DNA accessibility is regulated via a complex set of post-translational modifications of histones, also called histone code, and nucleosome remodeling	MHS440	fungi_OG
3P404|Fungi	2768	8976.82862892116	J	60S ribosomal protein	MHS440	fungi_OG
3P406|Fungi	55	213.1782945736434	S	VanZ domain protein	MHS440	fungi_OG
3P408|Fungi	14	33.096926713947994	S	NA	MHS440	fungi_OG
3P40I|Fungi	151	391.95394252783063	B	histone h3	MHS440	fungi_OG
3P40N|Fungi	5573	21310.728351902933	J	Belongs to the eukaryotic ribosomal protein eS26 family	MHS440	fungi_OG
3P40Q|Fungi	2176	5382.860976692746	K	factor 1	MHS440	fungi_OG
3P40W|Fungi	997	2820.234652680264	S	mitochondrial import inner membrane translocase subunit tim16	MHS440	fungi_OG
3P411|Fungi	53	82.94209702660407	M	Ankyrin repeat	MHS440	fungi_OG
3P412|Fungi	1203	637.2692660095837	S	NA	MHS440	fungi_OG
3P414|Fungi	2436	4046.3806045405354	A	RNA-binding la domain protein	MHS440	fungi_OG
3P41A|Fungi	2533	7043.029474959063	J	60S ribosomal protein	MHS440	fungi_OG
3P41R|Fungi	80	86.88983728994398	S	WD40 repeats	MHS440	fungi_OG
3P422|Fungi	185	514.0500156153048	P	Got1 family	MHS440	fungi_OG
3P426|Fungi	462	1308.804454392252	S	Duf757 domain-containing protein	MHS440	fungi_OG
3P428|Fungi	365	569.4414284023702	J	Belongs to the universal ribosomal protein uL11 family	MHS440	fungi_OG
3P42G|Fungi	389	954.5307003461241	S	NADH ubiquinone oxidoreductase 20.1kD subunit	MHS440	fungi_OG
3P42H|Fungi	2	6.472491909385114	S	Tetratricopeptide repeat protein	MHS440	fungi_OG
3P42V|Fungi	8	20.99737532808399	S	to Saccharomyces cerevisiae HUA1 (YGR268C)	MHS440	fungi_OG
3P42X|Fungi	128	178.5216178521618	S	AMFR protein	MHS440	fungi_OG
3P446|Fungi	1615	5638.588500301099	C	component of the ubiquinol-cytochrome c reductase complex (complex III or cytochrome b-c1 complex), which is part of the mitochondrial respiratory chain	MHS440	fungi_OG
3P449|Fungi	10	28.73563218390805	F	Hit domain-containing protein	MHS440	fungi_OG
3P44E|Fungi	75	157.37478247082285	S	DASH complex	MHS440	fungi_OG
3P44G|Fungi	813	2089.8900901594143	U	synaptobrevin	MHS440	fungi_OG
3P44I|Fungi	773	606.2131492283503	S	NA	MHS440	fungi_OG
3P44P|Fungi	669	1757.0084821822056	V	DJ-1/PfpI family	MHS440	fungi_OG
3P44Q|Fungi	3344	5802.982151300901	P	oxidoreductase chain 6	MHS440	fungi_OG
3P44Z|Fungi	1821	4908.569917730063	U	Membrane biogenesis protein yop1	MHS440	fungi_OG
3P450|Fungi	513	816.9031819635433	S	NA	MHS440	fungi_OG
3P452|Fungi	143	733.1193096279303	O	prefoldin	MHS440	fungi_OG
3P453|Fungi	140	155.67053213270086	O	josephin-domain-containing protein	MHS440	fungi_OG
3P457|Fungi	578	978.7897526621397	S	NA	MHS440	fungi_OG
3P45B|Fungi	157	521.3322645620093	Z	Dynein light chain	MHS440	fungi_OG
3P45F|Fungi	105	60.65857885615251	S	Tti2 family	MHS440	fungi_OG
3P45M|Fungi	176	527.2063325461384	A	Small nuclear ribonucleoprotein sm d2	MHS440	fungi_OG
3P45V|Fungi	388	1049.7665732959852	O	Peptidyl-trna hydrolase	MHS440	fungi_OG
3P45Z|Fungi	416	1187.565733505092	A	RNA-binding protein	MHS440	fungi_OG
3P460|Fungi	101	123.49392078563662	I	Acyl CoA binding protein	MHS440	fungi_OG
3P46D|Fungi	383	352.85780958061594	S	NA	MHS440	fungi_OG
3P46H|Fungi	125	329.1115023681997	K	DNA-directed RNA polymerases i	MHS440	fungi_OG
3P46Q|Fungi	197	832.980439604759	S	Nadh-ubiquinone oxidoreductase 12 kda subunit	MHS440	fungi_OG
3P46R|Fungi	96	359.27759197324417	CO	NTP binding protein	MHS440	fungi_OG
3P471|Fungi	94	322.4651579081959	S	Cytochrome c oxidase assembly protein cox-16	MHS440	fungi_OG
3P476|Fungi	186	365.463601152249	FH	phosphoribulokinase uridine kinase	MHS440	fungi_OG
3P47Z|Fungi	80	277.77777777777777	C	Ubiquinol-cytochrome C reductase	MHS440	fungi_OG
3P480|Fungi	527	645.2323373204642	O	sulfhydryl oxidase	MHS440	fungi_OG
3P488|Fungi	44	106.56506093320027	L	dna replication complex gins protein psf2	MHS440	fungi_OG
3P48D|Fungi	1999	1446.646873226608	S	NA	MHS440	fungi_OG
3P48T|Fungi	451	1234.6955470194907	O	Mitochondrial import inner membrane translocase subunit tim14	MHS440	fungi_OG
3P49B|Fungi	582	463.9472560060842	S	NA	MHS440	fungi_OG
3P4A0|Fungi	48	92.25589225589225	S	Spo7-like protein	MHS440	fungi_OG
3P4A5|Fungi	4	15.15151515151515	L	SAP domain protein	MHS440	fungi_OG
3P4AD|Fungi	71	139.2156862745098	O	Belongs to the ubiquitin-conjugating enzyme family	MHS440	fungi_OG
3P4AN|Fungi	174	353.60302328909955	S	Serine aminopeptidase, S33	MHS440	fungi_OG
3P4B7|Fungi	805	279.19265419265423	K	TEA/ATTS domain family	MHS440	fungi_OG
3P4B8|Fungi	5548	18281.870850195	J	ribosomal protein	MHS440	fungi_OG
3P4BA|Fungi	3740	12817.391883050659	O	peptidyl-prolyl isomerase	MHS440	fungi_OG
3P4BP|Fungi	336	666.6209967400154	O	Proteasome maturation	MHS440	fungi_OG
3P4C9|Fungi	662	2669.919601565024	C	atp synthase	MHS440	fungi_OG
3P4CD|Fungi	413	321.65109034267914	AD	glycine rich nucleic binding domain	MHS440	fungi_OG
3P4CG|Fungi	221	351.00627168220615	S	P-loop containing nucleoside triphosphate hydrolase protein	MHS440	fungi_OG
3P4CI|Fungi	3208	10101.110115240945	J	ribosomal protein	MHS440	fungi_OG
3P4CP|Fungi	2	8.493921537399798	J	ribosomal protein	MHS440	fungi_OG
3P4CX|Fungi	1015	2064.590251488787	P	Reversible hydration of carbon dioxide	MHS440	fungi_OG
3P4CZ|Fungi	1547	2258.510121087569	O	Belongs to the GST superfamily	MHS440	fungi_OG
3P4DN|Fungi	996	1112.918229662603	S	NA	MHS440	fungi_OG
3P4E3|Fungi	244	435.61416761089436	UZ	trimeric LpxA-like protein	MHS440	fungi_OG
3P4E5|Fungi	12	28.77697841726619	D	Rhodanese-like protein	MHS440	fungi_OG
3P4EF|Fungi	16250	18612.152471796908	S	NA	MHS440	fungi_OG
3P4ET|Fungi	26	74.07407407407408	O	Prefoldin subunit 1	MHS440	fungi_OG
3P4F4|Fungi	24	70.79646017699115	S	Hepatocellular carcinoma-associated antigen 59	MHS440	fungi_OG
3P4F5|Fungi	555	1837.0390967151486	O	LAGLIDADG DNA endonuclease family	MHS440	fungi_OG
3P4F6|Fungi	216	490.3454715219421	M	Glucosamine 6-phosphate	MHS440	fungi_OG
3P4FM|Fungi	211	280.5661871316161	KT	Belongs to the MT-A70-like family	MHS440	fungi_OG
3P4FQ|Fungi	121	333.38284367604393	A	RNA recognition motif. (a.k.a. RRM, RBD, or RNP domain)	MHS440	fungi_OG
3P4FV|Fungi	10	24.691358024691358	IQ	Involved in protein N-glycosylation. Essential for the second step of the dolichol-linked oligosaccharide pathway. Anchors the catalytic subunit alg13 to the ER	MHS440	fungi_OG
3P4G8|Fungi	12	54.794520547945204	BK	to Saccharomyces cerevisiae RSC4 (YKR008W)	MHS440	fungi_OG
3P4GA|Fungi	210	363.28667592691534	Z	EF-hand, calcium binding motif	MHS440	fungi_OG
3P4GE|Fungi	141	313.1153145579375	S	Translation machinery-associated protein	MHS440	fungi_OG
3P4GF|Fungi	167	451.3356504318915	K	negative cofactor 2 complex subunit beta	MHS440	fungi_OG
3P4GV|Fungi	8	45.97701149425288	P	Belongs to the ATPase C chain family	MHS440	fungi_OG
3P4H0|Fungi	77	154.61847389558233	E	acetyltransferase	MHS440	fungi_OG
3P4H2|Fungi	43	48.58757062146893	S	SUR7/PalI family	MHS440	fungi_OG
3P4H8|Fungi	1322	2158.4999612098914	G	succinate dehydrogenase	MHS440	fungi_OG
3P4HG|Fungi	123	118.4971098265896	Q	short chain dehydrogenase	MHS440	fungi_OG
3P4HJ|Fungi	46	201.75438596491227	S	NA	MHS440	fungi_OG
3P4HR|Fungi	74	47.52729608220938	S	NA	MHS440	fungi_OG
3P4IA|Fungi	968	1081.452786844848	S	Integral peroxisomal membrane peroxin	MHS440	fungi_OG
3P4IU|Fungi	68	119.68341182626897	K	UPF0172-domain-containing protein	MHS440	fungi_OG
3P4J3|Fungi	517	189.79441997063142	S	WD40 repeats	MHS440	fungi_OG
3P4J6|Fungi	368	338.04434541003	S	YVTN repeat-like Quino protein amine dehydrogenase	MHS440	fungi_OG
3P4JC|Fungi	2620	1710.3837331655927	S	NA	MHS440	fungi_OG
3P4JN|Fungi	238	334.74567437982074	S	NA	MHS440	fungi_OG
3P4JX|Fungi	87	113.28125	S	Chromosomal organization and dna repair protein	MHS440	fungi_OG
3P4KD|Fungi	230	722.468476487168	J	54S ribosomal protein L31, mitochondrial	MHS440	fungi_OG
3P4M2|Fungi	454	1194.4926499822357	S	Mitochondrial F1F0 ATP synthase subunit F	MHS440	fungi_OG
3P4M7|Fungi	197	545.011069833765	E	The H protein shuttles the methylamine group of glycine from the P protein to the T protein	MHS440	fungi_OG
3P4ME|Fungi	17	63.16703896748573	S	mitochondrial respiratory chain complex II assembly	MHS440	fungi_OG
3P4N7|Fungi	89	77.58626305264049	S	CLASP N terminal	MHS440	fungi_OG
3P4NE|Fungi	122	466.9924304120092	O	Binds specifically to cytosolic chaperonin (c-CPN) and transfers target proteins to it. Binds to nascent polypeptide chain and promotes folding in an environment in which there are many competing pathways for nonnative proteins	MHS440	fungi_OG
3P4NH|Fungi	90	179.30647780715216	K	Recruits TFIIH to the initiation complex and stimulates the RNA polymerase II C-terminal domain kinase and DNA-dependent ATPase activities of TFIIH. Both TFIIH and TFIIE are required for promoter clearance by RNA polymerase	MHS440	fungi_OG
3P4NJ|Fungi	344	407.089647593904	A	AAR2 protein	MHS440	fungi_OG
3P4NQ|Fungi	297	376.9322175372932	S	Cyclin, N-terminal domain	MHS440	fungi_OG
3P4NR|Fungi	448	606.5169951601118	A	Ribosomal RNA-processing protein 7 (RRP7)	MHS440	fungi_OG
3P4P6|Fungi	49	93.01552474984209	T	Rhomboid family	MHS440	fungi_OG
3P4PZ|Fungi	171	129.73175986874617	S	GAT domain	MHS440	fungi_OG
3P4Q4|Fungi	27	81.08108108108108	B	heterochromatin protein	MHS440	fungi_OG
3P4Q9|Fungi	51	315.38461538461536	CU	Iron-sulfur cluster assembly accessory protein	MHS440	fungi_OG
3P4QX|Fungi	184	406.4462908534602	S	Tetratricopeptide repeat	MHS440	fungi_OG
3P4R0|Fungi	124	119.46050096339113	S	FHA domain	MHS440	fungi_OG
3P4RC|Fungi	103	252.45098039215688	I	Ectomycorrhiza-regulated esterase	MHS440	fungi_OG
3P4RV|Fungi	1505	1121.9071922859025	S	NA	MHS440	fungi_OG
3P4RW|Fungi	119	146.07464607464607	S	NA	MHS440	fungi_OG
3P4RZ|Fungi	284	346.63161584297234	S	NA	MHS440	fungi_OG
3P4SU|Fungi	16	26.80067001675042	K	bromo domain	MHS440	fungi_OG
3P4TE|Fungi	121	57.45489078822413	I	Vps51/Vps67	MHS440	fungi_OG
3P4TS|Fungi	460	494.10666903652543	Z	Belongs to the actin family	MHS440	fungi_OG
3P4U4|Fungi	147	136.74011564306923	S	NA	MHS440	fungi_OG
3P4U6|Fungi	6	18.01801801801802	S	Allomyces macrogynus ATCC 38327	MHS440	fungi_OG
3P4UE|Fungi	308	212.27894986579417	T	Protein tyrosine kinase	MHS440	fungi_OG
3P4UF|Fungi	101	137.83986886192025	S	NA	MHS440	fungi_OG
3P4UK|Fungi	186	320.57077254076836	S	NA	MHS440	fungi_OG
3P4UR|Fungi	103	184.2461832480359	S	NA	MHS440	fungi_OG
3P4V7|Fungi	207	309.5756291123349	S	Integral membrane protein S linking to the trans Golgi network	MHS440	fungi_OG
3P4VU|Fungi	158	448.0798236454345	A	Breast carcinoma amplified sequence 2	MHS440	fungi_OG
3P4W2|Fungi	3	6.0606060606060606	S	NA	MHS440	fungi_OG
3P4WB|Fungi	100	342.233918128655	F	Nucleoside diphosphate kinase	MHS440	fungi_OG
3P4X7|Fungi	25	49.9001996007984	O	peroxiredoxin activity	MHS440	fungi_OG
3P4XY|Fungi	44655	89988.0710031261	O	peroxiredoxin	MHS440	fungi_OG
3P4Y1|Fungi	147	133.61543669600542	S	Centrosome microtubule-binding domain of Cep57	MHS440	fungi_OG
3P4YB|Fungi	8	45.97701149425288	S	complex subunit 2-like protein	MHS440	fungi_OG
3P4Z5|Fungi	1370	413.6337569014525	S	NA	MHS440	fungi_OG
3P508|Fungi	132	268.2926829268293	S	Lysine methyltransferase	MHS440	fungi_OG
3P50F|Fungi	165	72.78894049486001	T	kinase-like protein	MHS440	fungi_OG
3P50V|Fungi	200	390.94540328092955	S	NA	MHS440	fungi_OG
3P52H|Fungi	427	477.3101306935894	B	Chromatin modification-related protein	MHS440	fungi_OG
3P52R|Fungi	283	174.17820358480472	S	NA	MHS440	fungi_OG
3P53A|Fungi	139	259.09937362451325	S	mitochondrial import protein	MHS440	fungi_OG
3P53P|Fungi	22	112.82051282051282	S	NA	MHS440	fungi_OG
3P53R|Fungi	5304	15867.099809566484	J	Belongs to the eukaryotic ribosomal protein eL36 family	MHS440	fungi_OG
3P53V|Fungi	177	492.56699034239017	C	Catalytic subunit of the peripheral V1 complex of vacuolar ATPase (V-ATPase). V-ATPase is responsible for acidifying a variety of intracellular compartments in eukaryotic cells	MHS440	fungi_OG
3P53Y|Fungi	114	115.85365853658537	S	Indole-diterpene biosynthesis protein	MHS440	fungi_OG
3P540|Fungi	319	471.98387656467435	J	Ribosomal protein S5 domain 2-like protein	MHS440	fungi_OG
3P541|Fungi	219	586.1518788348056	J	ribosomal protein	MHS440	fungi_OG
3P542|Fungi	155	596.7038243254085	A	Small nuclear ribonucleoprotein	MHS440	fungi_OG
3P544|Fungi	68	243.58557287693185	S	Belongs to the EMC4 family	MHS440	fungi_OG
3P545|Fungi	156	641.5216366023483	C	Nadh-ubiquinone oxidoreductase b18 subunit	MHS440	fungi_OG
3P547|Fungi	1095	1641.2667113418524	J	Belongs to the universal ribosomal protein uL22 family	MHS440	fungi_OG
3P548|Fungi	450	1004.829576532935	J	Involved in the biogenesis of the 60S ribosomal subunit	MHS440	fungi_OG
3P54B|Fungi	4	9.66183574879227	S	NA	MHS440	fungi_OG
3P54F|Fungi	27	83.68734069668649	J	Belongs to the universal ribosomal protein uS19 family	MHS440	fungi_OG
3P54H|Fungi	3180	11930.504326896882	J	Binds to the 23S rRNA	MHS440	fungi_OG
3P54Y|Fungi	95	125.86304022817653	A	Rna binding protein	MHS440	fungi_OG
3P557|Fungi	623	3105.567367509253	J	40s ribosomal protein s27	MHS440	fungi_OG
3P55U|Fungi	6264	1134.2219792286644	O	selenoprotein	MHS440	fungi_OG
3P564|Fungi	8	46.783625730994146	O	Dolichol phosphate-mannose biosynthesis regulatory protein	MHS440	fungi_OG
3P565|Fungi	22	82.39700374531834	S	Pfam:DUF2823	MHS440	fungi_OG
3P569|Fungi	5117	16618.982901304382	J	Belongs to the eukaryotic ribosomal protein P1 P2 family	MHS440	fungi_OG
3P56B|Fungi	822	415.1515151515151	S	NA	MHS440	fungi_OG
3P56D|Fungi	211	355.480368161228	H	Belongs to the dihydrofolate reductase family	MHS440	fungi_OG
3P56M|Fungi	408	1223.7192826354183	A	u6 snrna-associated sm-like protein lsm7	MHS440	fungi_OG
3P56Q|Fungi	58	191.4191419141914	S	Proteolipid membrane potential modulator	MHS440	fungi_OG
3P56T|Fungi	35	109.56533776301218	K	Belongs to the SKP1 family	MHS440	fungi_OG
3P56Z|Fungi	141	222.60536450273347	S	Optic atrophy 3 family protein	MHS440	fungi_OG
3P571|Fungi	119	514.7944181615087	A	Binds specifically to the 3'-terminal U-tract of U6 snRNA	MHS440	fungi_OG
3P572|Fungi	93	342.5375031782354	K	The SPT4-SPT5 complex mediates both activation and inhibition of transcription elongation, and plays a role in pre- mRNA processing. This complex seems to be important for the stability of the RNA polymerase II elongation machinery on the chromatin template but not for the inherent ability of this machinery to translocate down the gene	MHS440	fungi_OG
3P574|Fungi	42	66.98564593301435	S	Di-sulfide bridge nucleocytoplasmic transport domain	MHS440	fungi_OG
3P575|Fungi	12	33.333333333333336	O	component of the endoplasmic reticulum- associated degradation (ERAD) pathway	MHS440	fungi_OG
3P578|Fungi	413	475.8181616792531	K	Transcription factor	MHS440	fungi_OG
3P579|Fungi	471	1973.7145517253045	O	peptidyl-prolyl isomerase	MHS440	fungi_OG
3P57D|Fungi	2323	7316.985544862216	S	Membrane-associating domain	MHS440	fungi_OG
3P57E|Fungi	36	81.6379760041732	K	Mediator complex subunit 15	MHS440	fungi_OG
3P57Q|Fungi	18	65.93406593406593	O	complex. Subunit	MHS440	fungi_OG
3P57U|Fungi	469	748.325522460997	S	DUF1768-domain-containing protein	MHS440	fungi_OG
3P57W|Fungi	22	79.07849608490261	OU	mitochondrial inner membrane protease subunit	MHS440	fungi_OG
3P583|Fungi	2439	13151.475606996262	J	40s ribosomal protein s28	MHS440	fungi_OG
3P589|Fungi	280	414.8148148148148	S	NA	MHS440	fungi_OG
3P58J|Fungi	225	588.0678376741369	K	DNA-directed RNA polymerase i and iii	MHS440	fungi_OG
3P58Q|Fungi	141	281.437125748503	S	Ribosomal protein S5 domain 2-like protein	MHS440	fungi_OG
3P593|Fungi	17	43.92764857881137	K	Transcription initiation factor TFIID component TAF4 family	MHS440	fungi_OG
3P594|Fungi	761	720.4406139259978	J	Associates with the EF-Tu.GDP complex and induces the exchange of GDP to GTP. It remains bound to the aminoacyl-tRNA.EF- Tu.GTP complex up to the GTP hydrolysis stage on the ribosome	MHS440	fungi_OG
3P59A|Fungi	76	183.04982688544334	S	Belongs to the cytochrome b5 family	MHS440	fungi_OG
3P59R|Fungi	330	653.6821753260109	Z	Functions as component of the Arp2 3 complex which is involved in regulation of actin polymerization and together with an activating nucleation-promoting factor (NPF) mediates the formation of branched actin networks	MHS440	fungi_OG
3P59T|Fungi	1	4.11522633744856	O	Prefoldin subunit 6	MHS440	fungi_OG
3P5A0|Fungi	8556	26923.545430010825	O	Belongs to the thioredoxin family	MHS440	fungi_OG
3P5AC|Fungi	351	358.406916450005	S	Ubinuclein conserved middle domain	MHS440	fungi_OG
3P5AF|Fungi	148	503.4013605442177	A	Small nuclear ribonucleoprotein	MHS440	fungi_OG
3P5AT|Fungi	440	1059.636797775804	J	endoribonuclease L-PSP	MHS440	fungi_OG
3P5AV|Fungi	105	143.11664730951944	K	Component of the Mediator complex, a coactivator involved in the regulated transcription of nearly all RNA polymerase II-dependent genes. Mediator functions as a bridge to convey information from gene-specific regulatory proteins to the basal RNA polymerase II transcription machinery	MHS440	fungi_OG
3P5AW|Fungi	2718	9129.140280353158	J	ribosomal protein L14	MHS440	fungi_OG
3P5AY|Fungi	101	132.69584563385104	S	3'-5' exonuclease	MHS440	fungi_OG
3P5B7|Fungi	302	982.5085308956277	O	Ubiquitin-like protein	MHS440	fungi_OG
3P5BA|Fungi	1269	3600.0640815123256	C	cytochrome C oxidase	MHS440	fungi_OG
3P5BF|Fungi	195	365.1685393258427	F	This enzyme scavenges exogenous and endogenous cytidine and 2'-deoxycytidine for UMP synthesis	MHS440	fungi_OG
3P5BN|Fungi	73	190.10416666666666	I	Essential subunit of the N-oligosaccharyl transferase (OST) complex which catalyzes the transfer of a high mannose oligosaccharide from a lipid-linked oligosaccharide donor to an asparagine residue within an Asn-X-Ser Thr consensus motif in nascent polypeptide chains	MHS440	fungi_OG
3P5BS|Fungi	391	1681.2558106271902	C	This protein is one of the nuclear-coded polypeptide chains of cytochrome c oxidase, the terminal oxidase in mitochondrial electron transport	MHS440	fungi_OG
3P5BV|Fungi	635	798.6407287278283	K	helix loop helix domain	MHS440	fungi_OG
3P5C6|Fungi	291	762.5772568286513	S	kDA subunit	MHS440	fungi_OG
3P5C7|Fungi	316	433.9949806068903	S	NA	MHS440	fungi_OG
3P5CA|Fungi	2543	9666.607991594288	J	Required for the processing of the 20S rRNA-precursor to mature 18S rRNA in a late step of the maturation of 40S ribosomal subunits. Has a physiological role leading to 18S rRNA stability	MHS440	fungi_OG
3P5CB|Fungi	599	1723.6244508971781	C	Core subunit of the mitochondrial membrane respiratory chain NADH dehydrogenase (Complex I) that is believed to belong to the minimal assembly required for catalysis. Complex I functions in the transfer of electrons from NADH to the respiratory chain. The immediate electron acceptor for the enzyme is believed to be ubiquinone	MHS440	fungi_OG
3P5CC|Fungi	1099	932.1458863443596	K	zinc finger binding to DNA consensus sequence [AT]GATA[AG]	MHS440	fungi_OG
3P5CR|Fungi	214	817.9285030301417	K	Nonhistone chromosomal protein	MHS440	fungi_OG
3P5CT|Fungi	123	483.1059416033503	S	endoribonuclease activity	MHS440	fungi_OG
3P5D2|Fungi	505	2698.7978290582682	C	Ubiquinol-cytochrome C reductase	MHS440	fungi_OG
3P5D4|Fungi	183	751.2733804038153	O	Belongs to the GroES chaperonin family	MHS440	fungi_OG
3P5D6|Fungi	876	686.0239238425335	S	Expressed protein	MHS440	fungi_OG
3P5D9|Fungi	139	302.3613716154475	K	Dna polymerase epsilon subunit	MHS440	fungi_OG
3P5DA|Fungi	17	72.64957264957265	L	AAA domain	MHS440	fungi_OG
3P5DC|Fungi	394	1230.9042097446736	S	NADH ubiquinone oxidoreductase 11.6kD subunit	MHS440	fungi_OG
3P5DE|Fungi	450	973.1341633636839	K	dna-directed rna polymerase ii	MHS440	fungi_OG
3P5DZ|Fungi	96	297.40626182933875	S	Belongs to the cytochrome b5 family	MHS440	fungi_OG
3P5EI|Fungi	146	624.7492564155773	S	dnl zinc finger	MHS440	fungi_OG
3P5EV|Fungi	238	286.1532246483833	S	negative regulation of cell aging	MHS440	fungi_OG
3P5F5|Fungi	256	482.1092278719397	O	26S proteasome non-ATPase, regulatory subunit	MHS440	fungi_OG
3P5G2|Fungi	1216	3476.8148175624865	Z	Binds to actin and affects the structure of the cytoskeleton. At high concentrations, profilin prevents the polymerization of actin, whereas it enhances it at low concentrations	MHS440	fungi_OG
3P5G5|Fungi	558	815.3020333714236	S	NA	MHS440	fungi_OG
3P5G9|Fungi	702	807.3974458956218	TV	Etoposide-induced protein 2.4 (EI24)	MHS440	fungi_OG
3P5GF|Fungi	1731	1186.6659918430423	S	zinc finger	MHS440	fungi_OG
3P5GZ|Fungi	270	364.86486486486484	K	Related to rpc53-47 kd subunit of dna-directed rna polymerase iii	MHS440	fungi_OG
3P5H4|Fungi	651	638.3225918315985	K	Transcription factor	MHS440	fungi_OG
3P5HA|Fungi	45	194.39604818915163	P	Frataxin	MHS440	fungi_OG
3P5HH|Fungi	14	53.71762740183793	S	guanine nucleotide-binding protein subunit gamma	MHS440	fungi_OG
3P5HI|Fungi	134	490.3959351931742	S	Mitochondrial genome maintenance protein	MHS440	fungi_OG
3P5HM|Fungi	742	1691.1479200928716	T	Phosphorelay intermediate protein	MHS440	fungi_OG
3P5HS|Fungi	5365	17973.552330821047	J	Belongs to the eukaryotic ribosomal protein P1 P2 family	MHS440	fungi_OG
3P5HV|Fungi	119	294.3110743193525	U	Ran-binding domain	MHS440	fungi_OG
3P5IK|Fungi	808	1060.0970817675948	P	Belongs to the mitochondrial carrier (TC 2.A.29) family	MHS440	fungi_OG
3P5IR|Fungi	183	309.6446700507614	S	Fms-interacting protein	MHS440	fungi_OG
3P5JB|Fungi	243	671.9350584669046	S	Saccharomyces cerevisiae YCR051W	MHS440	fungi_OG
3P5JD|Fungi	1098	2509.802204541106	K	Transcription factor	MHS440	fungi_OG
3P5JE|Fungi	293	345.2502236251968	K	Sin-like protein conserved region	MHS440	fungi_OG
3P5JN|Fungi	69	120.01128870701528	S	NA	MHS440	fungi_OG
3P5KG|Fungi	120	634.9206349206349	O	cytochrome c oxidase assembly protein	MHS440	fungi_OG
3P5KK|Fungi	26	33.72243839169909	S	Subunit 17 of Mediator complex	MHS440	fungi_OG
3P5KM|Fungi	125	300.8606003841481	S	Melanoma-associated antigen	MHS440	fungi_OG
3P5KS|Fungi	107	132.45636273156626	E	Involved in 20S proteasome assembly	MHS440	fungi_OG
3P5KV|Fungi	715	784.7005278837947	A	protein localization to nucleolus	MHS440	fungi_OG
3P5M3|Fungi	164	98.676293622142	S	NA	MHS440	fungi_OG
3P5MD|Fungi	476	564.7081213882833	O	cell cycle control protein cwf23	MHS440	fungi_OG
3P5MG|Fungi	466	1757.8275235341227	S	chch domain protein	MHS440	fungi_OG
3P5N0|Fungi	229	636.0192837465565	U	Belongs to the small Tim family	MHS440	fungi_OG
3P5N5|Fungi	448	434.4238308542634	G	galactose mutarotase-like protein	MHS440	fungi_OG
3P5NB|Fungi	248	421.26915277212834	S	pre-rRNA-processing protein TSR2	MHS440	fungi_OG
3P5NM|Fungi	310	564.5014833839978	S	to Saccharomyces cerevisiae NAT5 (YOR253W)	MHS440	fungi_OG
3P5P2|Fungi	298	258.5619880125127	S	NA	MHS440	fungi_OG
3P5PC|Fungi	658	931.217057825845	A	rna-binding domain-containing protein	MHS440	fungi_OG
3P5PD|Fungi	466	953.3687575285735	S	FUN14 family	MHS440	fungi_OG
3P5PV|Fungi	3991	15799.291212936452	J	40S ribosomal protein S25	MHS440	fungi_OG
3P5Q2|Fungi	183	534.7377305737748	L	ssDNA binding protein	MHS440	fungi_OG
3P5Q4|Fungi	1179	3068.8084113858677	C	cytochrome c oxidase	MHS440	fungi_OG
3P5Q7|Fungi	161	623.446088794926	K	Transcription elongation factor implicated in the maintenance of proper chromatin structure in actively transcribed regions	MHS440	fungi_OG
3P5QE|Fungi	1942	4703.841090821393	S	MAPEG family	MHS440	fungi_OG
3P5QT|Fungi	31	103.50168350168352	S	NA	MHS440	fungi_OG
3P5RA|Fungi	800	1979.448593995848	C	nadh-ubiquinone oxidoreductase	MHS440	fungi_OG
3P5RR|Fungi	4	24.691358024691358	A	Small nuclear ribonucleoprotein E	MHS440	fungi_OG
3P5RS|Fungi	44	161.69676601279284	S	DASH complex subunit DAD2	MHS440	fungi_OG
3P5RW|Fungi	38	154.1125541125541	O	DUF1000-domain-containing protein	MHS440	fungi_OG
3P5SX|Fungi	179	296.849087893864	S	SCP-2 sterol transfer family	MHS440	fungi_OG
3P5T1|Fungi	480	363.61067245536975	S	NA	MHS440	fungi_OG
3P5TG|Fungi	5251	2283.4567739200656	S	NA	MHS440	fungi_OG
3P5TI|Fungi	430	598.092966040085	S	NA	MHS440	fungi_OG
3P5TR|Fungi	43	136.68726095910563	K	DNA-dependent RNA polymerase catalyzes the transcription of DNA into RNA using the four ribonucleoside triphosphates as substrates	MHS440	fungi_OG
3P5UF|Fungi	2804	2807.780607649494	S	PIN domain-like protein	MHS440	fungi_OG
3P5UH|Fungi	781	1918.3618025519822	S	DUF1960-domain-containing protein	MHS440	fungi_OG
3P5UX|Fungi	159	337.8628898345784	A	Pre-mrna splicing factor	MHS440	fungi_OG
3P5VP|Fungi	22590	37605.80975211706	G	alpha beta-hydrolase	MHS440	fungi_OG
3P5W2|Fungi	51	142.50729625468833	G	N-acetyltransferase	MHS440	fungi_OG
3P5W3|Fungi	273	314.8864592094197	K	Functions as a component of the DNA-binding general transcription factor complex TFIID and the transcription regulatory histone acetylation (HAT) complexes SAGA and SLIK. Binding of TFIID to a promoter (with or without TATA element) is the initial step in preinitiation complex (PIC) formation. TFIID plays a key role in the regulation of gene expression by RNA polymerase II through different activities such as transcription activator interaction, core promoter recognition and selectivity, TFIIA and TFIIB interaction, chromatin modification (histone acetylation), facilitation of DNA opening and initiation of transcription. SAGA is required for recruitment of the basal transcription machinery. SLIK is proposed to have partly overlapping functions with SAGA	MHS440	fungi_OG
3P5WS|Fungi	2186	747.7969314134127	S	NA	MHS440	fungi_OG
3P5X0|Fungi	657	323.2074541741967	S	NA	MHS440	fungi_OG
3P5X5|Fungi	319	376.0192966075319	S	Bin3-domain-containing protein	MHS440	fungi_OG
3P5XI|Fungi	637	608.4049665711557	J	50S ribosomal protein L19	MHS440	fungi_OG
3P5XK|Fungi	436	770.7602439741622	A	Domain with 2 conserved Trp (W) residues	MHS440	fungi_OG
3P5Y1|Fungi	230	518.018018018018	S	Protein of Unknown function (DUF1690)	MHS440	fungi_OG
3P5Y4|Fungi	298	593.1974755504167	S	NA	MHS440	fungi_OG
3P5Y5|Fungi	105	259.76105016598416	S	NA	MHS440	fungi_OG
3P5Y9|Fungi	330	434.39976329201676	F	deaminase	MHS440	fungi_OG
3P5ZU|Fungi	89	178.88973771326712	S	Poly(ADP-ribose) polymerase and DNA-Ligase Zn-finger region	MHS440	fungi_OG
3P5ZX|Fungi	26	32.581453634085214	S	DUF4187	MHS440	fungi_OG
3P604|Fungi	291	274.37895935653785	S	RTC4-like domain	MHS440	fungi_OG
3P60U|Fungi	42	82.35294117647058	S	spindle pole body	MHS440	fungi_OG
3P61D|Fungi	106	162.46781017418354	S	NA	MHS440	fungi_OG
3P62E|Fungi	16	44.44444444444444	S	DNA-binding protein	MHS440	fungi_OG
3P636|Fungi	181	228.80235056012214	S	Protease prsW family	MHS440	fungi_OG
3P63G|Fungi	601	722.6364357686933	S	Nuclear pore complex assembly	MHS440	fungi_OG
3P63N|Fungi	661	447.4243893403762	S	OHCU decarboxylase	MHS440	fungi_OG
3P63Y|Fungi	49	102.76945934025117	S	Acetyltransferase (GNAT) family	MHS440	fungi_OG
3P641|Fungi	376	603.3269907167157	M	SIS domain	MHS440	fungi_OG
3P642|Fungi	404	657.23863398282	T	GTPase-activator protein for Rho-like GTPases	MHS440	fungi_OG
3P64D|Fungi	937	592.1036301114012	S	Urb2/Npa2 family	MHS440	fungi_OG
3P64Q|Fungi	786	2473.0136109705168	S	Sterol-binding protein	MHS440	fungi_OG
3P650|Fungi	73	43.68641532016756	L	PIN domain-like protein	MHS440	fungi_OG
3P65U|Fungi	59	144.329728439893	S	NA	MHS440	fungi_OG
3P661|Fungi	87	203.0813163990734	S	Protein of Unknown function (DUF1690)	MHS440	fungi_OG
3P66A|Fungi	89	97.30601642366348	U	NA	MHS440	fungi_OG
3P66H|Fungi	177	143.90243902439025	S	NAD biosynthesis via nicotinamide riboside salvage pathway	MHS440	fungi_OG
3P66Q|Fungi	265	119.20827710301396	S	NA	MHS440	fungi_OG
3P66T|Fungi	156	426.27229230100045	S	NA	MHS440	fungi_OG
3P66W|Fungi	229	632.8747302712304	S	Rab5-interacting protein (Rab5ip)	MHS440	fungi_OG
3P66X|Fungi	51	101.4252409450333	T	Mog1p PsbP-like protein	MHS440	fungi_OG
3P67T|Fungi	1537	549.5849882523898	K	helix loop helix domain	MHS440	fungi_OG
3P687|Fungi	1368	1250.0550734819017	S	TIM21	MHS440	fungi_OG
3P68W|Fungi	843	2014.1233218131035	S	Mitochondrial ATP synthase g subunit	MHS440	fungi_OG
3P68X|Fungi	82	221.08843537414964	S	NA	MHS440	fungi_OG
3P68Z|Fungi	1750	1067.072786621394	S	NA	MHS440	fungi_OG
3P69I|Fungi	114	380.91092697834273	D	Programmed cell death protein 5	MHS440	fungi_OG
3P69S|Fungi	222	184.9861802100608	S	PPR repeat	MHS440	fungi_OG
3P6A4|Fungi	190	158.80334391299573	S	NA	MHS440	fungi_OG
3P6AV|Fungi	359	192.08132691278757	S	NA	MHS440	fungi_OG
3P6B4|Fungi	681	495.8175085173035	S	Nuclear fragile X mental retardation-interacting protein 1 (NUFIP1)	MHS440	fungi_OG
3P6BJ|Fungi	520	325.4234658262691	S	NA	MHS440	fungi_OG
3P6BS|Fungi	3	14.285714285714286	U	Modifier of rudimentary (Mod(r)) protein	MHS440	fungi_OG
3P6C0|Fungi	584	1325.2890247007895	S	NA	MHS440	fungi_OG
3P6D4|Fungi	716	820.4606541850682	S	NA	MHS440	fungi_OG
3P6DD|Fungi	804	1453.7614060712308	S	NA	MHS440	fungi_OG
3P6EF|Fungi	450	339.28552225484185	S	WD domain, G-beta repeat	MHS440	fungi_OG
3P6EK|Fungi	59	188.35754640839386	S	Membrane	MHS440	fungi_OG
3P6EQ|Fungi	33	87.1753340660612	AK	Dcp1-like decapping family	MHS440	fungi_OG
3P6EU|Fungi	206	250.4516711833785	S	Afadin- and alpha -actinin-Binding	MHS440	fungi_OG
3P6FF|Fungi	1249	2161.250334321029	S	Universal stress protein family	MHS440	fungi_OG
3P6FT|Fungi	163	207.77943945939958	T	Protein kinase regulator	MHS440	fungi_OG
3P6G3|Fungi	17	74.56140350877193	T	Domain present in phytochromes and cGMP-specific phosphodiesterases.	MHS440	fungi_OG
3P6GX|Fungi	84	252.25225225225225	S	NA	MHS440	fungi_OG
3P6GZ|Fungi	693	484.20370881814785	S	NA	MHS440	fungi_OG
3P6HH|Fungi	49	244.80777728678743	B	Inhibitor of growth proteins N-terminal histone-binding	MHS440	fungi_OG
3P6I0|Fungi	402	399.7013695808876	S	Zinc finger protein	MHS440	fungi_OG
3P6IK|Fungi	378	539.7290343960376	S	Protein of unknown function (DUF3074)	MHS440	fungi_OG
3P6J2|Fungi	224	297.07099210029537	T	Phosphorylates Ins(1,3,4,5,6)P5 at position 2 to form Ins(1,2,3,4,5,6)P6 (InsP6 or phytate)	MHS440	fungi_OG
3P6JA|Fungi	517	772.0805803860603	S	Protein of unknown function (DUF3128)	MHS440	fungi_OG
3P6JK|Fungi	274	359.1332129042362	S	Protein of unknown function (DUF1298)	MHS440	fungi_OG
3P6K3|Fungi	105	205.88235294117646	S	Domain of unknown function (DUF4505)	MHS440	fungi_OG
3P6KA|Fungi	1112	1107.3981036047442	S	Domain of unknown function (DUF3844)	MHS440	fungi_OG
3P6KV|Fungi	300	1775.3322259136212	J	40S ribosomal protein S29	MHS440	fungi_OG
3P6KX|Fungi	108	232.08041958041957	T	Belongs to the BolA IbaG family	MHS440	fungi_OG
3P6KZ|Fungi	88	177.48260594560404	S	RNase P subunit Pop3	MHS440	fungi_OG
3P6M1|Fungi	939	1989.5044208509992	S	Component of the MICOS complex, a large protein complex of the mitochondrial inner membrane that plays crucial roles in the maintenance of crista junctions, inner membrane architecture, and formation of contact sites to the outer membrane	MHS440	fungi_OG
3P6M5|Fungi	502	1192.6287877875577	S	Mrna splicing factor	MHS440	fungi_OG
3P6M7|Fungi	844	406.20446760264383	S	NA	MHS440	fungi_OG
3P6MB|Fungi	1180	1289.2961946779928	S	NA	MHS440	fungi_OG
3P6MM|Fungi	245	522.3957741844368	G	phosphoglycerate	MHS440	fungi_OG
3P6MR|Fungi	82	289.60796176742656	K	to Saccharomyces cerevisiae TOS8 (YGL096W) and CUP9 (YPL177C)	MHS440	fungi_OG
3P6MW|Fungi	195	223.58210658450304	S	to Saccharomyces cerevisiae NRG2 (YBR066C) and NRG1 (YDR043C)	MHS440	fungi_OG
3P6N1|Fungi	2944	9371.03429654826	U	mitochondrial import receptor subunit tom22	MHS440	fungi_OG
3P6N3|Fungi	103	369.17562724014334	S	diphthamide biosynthesis protein	MHS440	fungi_OG
3P6NT|Fungi	173	333.29896262967134	A	rRNA-processing protein efg1	MHS440	fungi_OG
3P6NY|Fungi	337	1126.5860456379241	J	Ribosomal protein S6	MHS440	fungi_OG
3P6NZ|Fungi	190	270.65527065527067	S	NA	MHS440	fungi_OG
3P6P3|Fungi	139	382.92011019283746	A	Zinc finger protein	MHS440	fungi_OG
3P6PA|Fungi	48	214.97844827586206	A	U6 snRNA-associated Sm-like protein	MHS440	fungi_OG
3P6PD|Fungi	1059	4130.504374886478	S	NA	MHS440	fungi_OG
3P6PM|Fungi	58	253.9464373889627	P	Copper transporter	MHS440	fungi_OG
3P6QC|Fungi	168	421.8430541615553	S	ER membrane protein SH3	MHS440	fungi_OG
3P6QF|Fungi	9	34.883720930232556	U	Belongs to the small Tim family	MHS440	fungi_OG
3P6QI|Fungi	1777	4832.191975833575	O	Glutaredoxin	MHS440	fungi_OG
3P6QJ|Fungi	255	521.4723926380368	I	Belongs to the transthyretin family. 5-hydroxyisourate hydrolase subfamily	MHS440	fungi_OG
3P6QK|Fungi	32	86.02150537634408	S	NA	MHS440	fungi_OG
3P6QS|Fungi	961	993.751379800954	S	NA	MHS440	fungi_OG
3P6QT|Fungi	244	677.7777777777778	S	cytochrome C oxidase	MHS440	fungi_OG
3P6QV|Fungi	64	237.056475862446	U	Necessary for protein translocation in the endoplasmic reticulum	MHS440	fungi_OG
3P6R0|Fungi	904	2583.8416891492734	S	subunit E	MHS440	fungi_OG
3P6R1|Fungi	115	554.6662035721428	U	Microsomal signal peptidase 25 kDa subunit (SPC25)	MHS440	fungi_OG
3P6R9|Fungi	44	231.48148148148147	A	H aca ribonucleoprotein complex subunit 3	MHS440	fungi_OG
3P6RE|Fungi	154	341.2234289427272	S	Component of the NuA4 histone acetyltransferase complex which is involved in transcriptional activation of selected genes principally by acetylation of nucleosomal histone H4 and H2A. The NuA4 complex is also involved in DNA repair (By similarity)	MHS440	fungi_OG
3P6RM|Fungi	3	12.658227848101266	S	cytochrome-c oxidase chain viic	MHS440	fungi_OG
3P6RS|Fungi	79	202.53570855400415	DN	Dynein light chain	MHS440	fungi_OG
3P6RT|Fungi	10	44.87179487179487	U	Translocase SEC61 complex gamma subunit	MHS440	fungi_OG
3P6RU|Fungi	12	55.55555555555556	S	dna-directed rna polymerase ii subunit rpb1	MHS440	fungi_OG
3P6SP|Fungi	8	33.755274261603375	T	Belongs to the BolA IbaG family	MHS440	fungi_OG
3P6SQ|Fungi	8	24.922118380062305	S	duf1754-domain-containing protein	MHS440	fungi_OG
3P6SR|Fungi	24	52.03349282296651	S	Protein of unknown function (DUF3602)	MHS440	fungi_OG
3P6SS|Fungi	1381	7283.881898885171	J	Belongs to the eukaryotic ribosomal protein eS30 family	MHS440	fungi_OG
3P6T0|Fungi	28	128.17097919837644	S	DUF1748-domain-containing protein	MHS440	fungi_OG
3P6TK|Fungi	138	253.18236091716753	S	Protein phosphatase inhibitor 2 (IPP-2)	MHS440	fungi_OG
3P6TU|Fungi	185	673.3425114830779	S	Eukaryotic mitochondrial regulator protein	MHS440	fungi_OG
3P6TW|Fungi	26	133.81410256410254	K	Metallothionein-i gene transcription activator	MHS440	fungi_OG
3P6U0|Fungi	7	18.817204301075268	C	Accessory subunit of the mitochondrial membrane respiratory chain NADH dehydrogenase (Complex I), that is believed not to be involved in catalysis. Complex I functions in the transfer of electrons from NADH to the respiratory chain. The immediate electron acceptor for the enzyme is believed to be ubiquinone	MHS440	fungi_OG
3P6U7|Fungi	123	313.08366685725173	U	Belongs to the small Tim family	MHS440	fungi_OG
3P6UD|Fungi	1163	3863.6671477854456	J	Belongs to the eukaryotic ribosomal protein eL38 family	MHS440	fungi_OG
3P6UH|Fungi	24	115.94202898550725	J	peptidyl-trna hydrolase domain protein	MHS440	fungi_OG
3P6UM|Fungi	17	54.48717948717949	Z	Belongs to the TBCA family	MHS440	fungi_OG
3P6UN|Fungi	11	50.550550550550554	S	subunit E	MHS440	fungi_OG
3P6UR|Fungi	458	852.5557118591528	T	Belongs to the BolA IbaG family	MHS440	fungi_OG
3P6UX|Fungi	140	544.4770283479961	S	NA	MHS440	fungi_OG
3P6V6|Fungi	685	1443.146079851515	TU	Plays an essential role in initiation of the G0 program by preventing the degradation of specific nutrient-regulated mRNAs via the 5'-3' mRNA decay pathway	MHS440	fungi_OG
3P6VC|Fungi	53	70.1058201058201	K	high mobility group	MHS440	fungi_OG
3P6VS|Fungi	122	505.71053163533463	U	mitochondrial import inner membrane translocase subunit tim-10	MHS440	fungi_OG
3P6VU|Fungi	104	306.7846607669616	Z	Microtubule-associated protein CRIPT	MHS440	fungi_OG
3P6W9|Fungi	160	498.35770590487573	O	Acts as a sulfur carrier required for 2-thiolation of mcm(5)S(2)U at tRNA wobble positions of cytosolic tRNA(Lys), tRNA(Glu) and tRNA(Gln). Serves as sulfur donor in tRNA 2- thiolation reaction by being thiocarboxylated (-COSH) at its C- terminus by the MOCS3 homolog UBA4. The sulfur is then transferred to tRNA to form 2-thiolation of mcm(5)S(2)U. Prior mcm(5) tRNA modification by the elongator complex is required for 2- thiolation. Also acts as a ubiquitin-like protein (UBL) that is covalently conjugated via an isopeptide bond to lysine residues of target proteins such as AHP1. The thiocarboxylated form serves as substrate for conjugation and oxidative stress specifically induces the formation of UBL-protein conjugates	MHS440	fungi_OG
3P6WA|Fungi	1004	223.98768614320477	S	SH3-binding, glutamic acid-rich protein	MHS440	fungi_OG
3P6WC|Fungi	130	533.162153750389	I	Acyl CoA binding protein	MHS440	fungi_OG
3P6WE|Fungi	174	327.4115630356864	S	Conserved region of unknown function on GLTSCR protein	MHS440	fungi_OG
3P6WF|Fungi	149	591.0995188305444	J	Belongs to the eukaryotic ribosomal protein eL29 family	MHS440	fungi_OG
3P6WI|Fungi	2	10.416666666666666	S	Ubiquinol-cytochrome C reductase	MHS440	fungi_OG
3P6WP|Fungi	609	1773.4070510755903	OU	Domain of unknown function (DUF202)	MHS440	fungi_OG
3P6WZ|Fungi	450	691.2442396313364	S	DNA-directed RNA polymerase III subunit Rpc31	MHS440	fungi_OG
3P6XA|Fungi	49	51.68776371308017	L	copper fist DNA binding	MHS440	fungi_OG
3P6XG|Fungi	570	2152.631511435498	S	NADH-ubiquinone reductase complex 1 MLRQ subunit	MHS440	fungi_OG
3P6XN|Fungi	555	1133.4722741988737	S	NA	MHS440	fungi_OG
3P6XV|Fungi	18	84.50704225352113	O	Cytochrome c oxidase-assembly factor cox23	MHS440	fungi_OG
3P6XY|Fungi	420	398.3490941270747	K	Regulatory protein Cys-3	MHS440	fungi_OG
3P6YC|Fungi	102	282.5453603900022	K	dna-directed rna	MHS440	fungi_OG
3P6YG|Fungi	1659	5317.307692307692	S	NADH dehydrogenase (ubiquinone) Fe-S protein 5	MHS440	fungi_OG
3P6Z4|Fungi	280	629.2904808929587	S	IGR	MHS440	fungi_OG
3P6ZD|Fungi	42	147.75828460038989	A	Component of LSm protein complexes, which are involved in RNA processing and may function in a chaperone-like manner, facilitating the efficient association of RNA processing factors with their substrates. Component of the cytoplasmic LSM1-LSM7 complex, which is thought to be involved in mRNA degradation by activating the decapping step in the 5'-to-3' mRNA decay pathway. Component of the nuclear LSM2-LSM8 complex, which is involved in splicing of nuclear mRNAs. LSM2-LSM8 associates with multiple snRNP complexes containing the U6 snRNA (U4 U6 di-snRNP, spliceosomal U4 U6.U5 tri-snRNP, and free U6 snRNP). It binds directly to the 3'-terminal U-tract of U6 snRNA and plays a role in the biogenesis and stability of the U6 snRNP and U4 U6 snRNP complexes. LSM2-LSM8 probably also is involved degradation of nuclear pre-mRNA by targeting them for decapping, and in processing of pre-tRNAs, pre-rRNAs and U3 snoRNA (By similarity)	MHS440	fungi_OG
3P6ZI|Fungi	253	708.6776400835388	A	Nuclear pore RNA shuttling protein Mtr2	MHS440	fungi_OG
3P6ZR|Fungi	880	1227.7095321782635	J	ribosomal protein	MHS440	fungi_OG
3P6ZX|Fungi	10	33.333333333333336	C	Belongs to the complex I LYR family	MHS440	fungi_OG
3P706|Fungi	253	428.77495004482046	K	RNA polymerase Rpb4	MHS440	fungi_OG
3P70A|Fungi	27	102.40248469900429	S	DASH complex subunit DAD1	MHS440	fungi_OG
3P70D|Fungi	205	235.97841027188306	S	biological adhesion	MHS440	fungi_OG
3P70Y|Fungi	100	157.27164114260887	B	Histone H1	MHS440	fungi_OG
3P711|Fungi	199	583.7271862552761	A	Belongs to the complex I LYR family	MHS440	fungi_OG
3P714|Fungi	97	569.4444444444443	S	NA	MHS440	fungi_OG
3P718|Fungi	7	18.08785529715762	S	Protein of unknown function (DUF3759)	MHS440	fungi_OG
3P71K|Fungi	127	349.896480331263	S	complex subunit Ies6	MHS440	fungi_OG
3P71Q|Fungi	64	174.86338797814207	A	Small nuclear ribonucleoprotein	MHS440	fungi_OG
3P724|Fungi	40	150.55168408826944	S	CHCH-CHCH-like Cx9C, IMS import disulfide relay-system,	MHS440	fungi_OG
3P72I|Fungi	2007	3181.4778703064544	L	Belongs to the nucleosome assembly protein (NAP) family	MHS440	fungi_OG
3P72K|Fungi	14	31.632908227056763	L	Sas10/Utp3/C1D family	MHS440	fungi_OG
3P72N|Fungi	369	550.6755117588975	O	Glutaredoxin	MHS440	fungi_OG
3P72Q|Fungi	57	287.8787878787879	S	Fungal protein of unknown function (DUF2015)	MHS440	fungi_OG
3P72T|Fungi	95	176.90875232774673	J	ribosomal protein	MHS440	fungi_OG
3P72V|Fungi	3708	4785.423423838783	S	NA	MHS440	fungi_OG
3P730|Fungi	50	120.28093434343435	K	Rna polymerase ii	MHS440	fungi_OG
3P731|Fungi	140	325.54713804713805	J	ribosomal protein	MHS440	fungi_OG
3P73G|Fungi	728	673.499666752086	K	bromo domain	MHS440	fungi_OG
3P73U|Fungi	113	284.0765338393422	K	transcription initiation factor	MHS440	fungi_OG
3P73V|Fungi	2972	7719.739346248145	S	NA	MHS440	fungi_OG
3P73Y|Fungi	28	124.44444444444444	O	Cx9C motif-containing protein 4, mitochondrial	MHS440	fungi_OG
3P744|Fungi	165	462.18487394957987	U	Regulator of type 1 phosphatases which maintains protein phosphatase activity under strict control	MHS440	fungi_OG
3P748|Fungi	270	387.84850718126495	S	Sds3-like	MHS440	fungi_OG
3P759|Fungi	310	1051.332955190017	S	Thiamine-binding protein	MHS440	fungi_OG
3P75B|Fungi	96	38.600723763570564	S	PPR repeat	MHS440	fungi_OG
3P75H|Fungi	54	137.40458015267174	S	Zinc finger protein	MHS440	fungi_OG
3P75R|Fungi	421	917.2113289760348	S	thioesterase thiol ester dehydrase-isomerase	MHS440	fungi_OG
3P75T|Fungi	170	146.07712243776015	S	NA	MHS440	fungi_OG
3P76G|Fungi	170	247.35678585159556	K	Homeodomain	MHS440	fungi_OG
3P76I|Fungi	414	458.49280362589406	S	NA	MHS440	fungi_OG
3P76M|Fungi	958	2430.628209467814	S	Non-catalytic module family expn protein	MHS440	fungi_OG
3P77I|Fungi	144	172.16783216783216	S	Survival motor neuron (SMN) interacting protein 1 (SIP1)	MHS440	fungi_OG
3P77P|Fungi	185	200.2164502164502	S	NA	MHS440	fungi_OG
3P77V|Fungi	338	274.414851009185	K	Zinc finger, C2H2 type	MHS440	fungi_OG
3P780|Fungi	150	526.7401646427767	S	Small secreted protein	MHS440	fungi_OG
3P783|Fungi	743	1892.7034933746343	C	Core subunit of the mitochondrial membrane respiratory chain NADH dehydrogenase (Complex I) that is believed to belong to the minimal assembly required for catalysis. Complex I functions in the transfer of electrons from NADH to the respiratory chain. The immediate electron acceptor for the enzyme is believed to be ubiquinone	MHS440	fungi_OG
3P784|Fungi	303	353.9492932518656	O	RING-type zinc-finger	MHS440	fungi_OG
3P78P|Fungi	18	22.641509433962263	S	WD repeat-containing protein	MHS440	fungi_OG
3P78Q|Fungi	392	868.2458191913141	C	ETC complex I subunit conserved region	MHS440	fungi_OG
3P790|Fungi	254	408.14729647727637	S	zinc finger	MHS440	fungi_OG
3P79M|Fungi	6	22.47191011235955	S	Heat shock protein	MHS440	fungi_OG
3P7A2|Fungi	1116	4002.4400871459693	C	Cytochrome b5	MHS440	fungi_OG
3P7A9|Fungi	87	210.77548032920447	P	Copper transporter	MHS440	fungi_OG
3P7AE|Fungi	1204	3778.80482904428	S	ATP synthase complex subunit h	MHS440	fungi_OG
3P7AI|Fungi	250	1141.552511415525	O	Ubiquitin-like protein	MHS440	fungi_OG
3P7B6|Fungi	409	298.9766081871345	S	NA	MHS440	fungi_OG
3P7BC|Fungi	32715	130600.6762877603	P	Belongs to the ATPase C chain family	MHS440	fungi_OG
3P7BH|Fungi	137	191.87675070028013	J	Component of ribonuclease P, a protein complex that generates mature tRNA molecules by cleaving their 5'-ends. Also a component of RNase MRP	MHS440	fungi_OG
3P7C1|Fungi	115	109.83763132760268	S	Chromatin modification-related protein EAF7	MHS440	fungi_OG
3P7C4|Fungi	4	10.92896174863388	S	Domain of unknown function (DUF3844)	MHS440	fungi_OG
3P7CD|Fungi	1616	1425.944159077815	S	NA	MHS440	fungi_OG
3P7CG|Fungi	276	501.99666407118957	U	Ran-binding domain	MHS440	fungi_OG
3P7D2|Fungi	213	598.2939385310917	C	Cytochrome c oxidase subunit	MHS440	fungi_OG
3P7DB|Fungi	79	128.56760867754647	S	Caffeine-induced death protein 2	MHS440	fungi_OG
3P7DK|Fungi	896	1911.9437885770992	S	Signal sequence receptor alpha chain	MHS440	fungi_OG
3P7DS|Fungi	197	212.21511395441823	U	60Kd inner membrane protein	MHS440	fungi_OG
3P7DW|Fungi	445	898.7892040736181	S	Rrp15p	MHS440	fungi_OG
3P7E1|Fungi	1670	1867.366650038948	S	NA	MHS440	fungi_OG
3P7ET|Fungi	268	373.32268766092295	S	Spinocerebellar ataxia type 10 protein domain	MHS440	fungi_OG
3P7F5|Fungi	813	977.4244180863101	U	Signal recognition particle receptor beta subunit	MHS440	fungi_OG
3P7FY|Fungi	202	397.9645783769495	S	Anticodon-binding domain	MHS440	fungi_OG
3P7GQ|Fungi	60	153.84615384615384	S	DNA replication factor Cdt1 C-terminal domain	MHS440	fungi_OG
3P7GU|Fungi	36	137.9310344827586	S	NA	MHS440	fungi_OG
3P7H5|Fungi	391	531.3717426589943	K	Transcription factor	MHS440	fungi_OG
3P7HI|Fungi	168	375.83892617449663	S	Chromosome segregation protein Csm1/Pcs1	MHS440	fungi_OG
3P7HT|Fungi	484	867.5443963147123	S	NA	MHS440	fungi_OG
3P7IE|Fungi	12	17.937219730941703	S	Saccharomyces cerevisiae YCR015c	MHS440	fungi_OG
3P7IT|Fungi	400	1183.5038087421863	P	Rhodanese domain protein	MHS440	fungi_OG
3P7IX|Fungi	655	400.75683936028696	S	Protein of unknown function (DUF2420)	MHS440	fungi_OG
3P7JJ|Fungi	95	95.95959595959596	J	GTPase activity	MHS440	fungi_OG
3P7K0|Fungi	137	335.33181448765606	S	regulation of histone deacetylation	MHS440	fungi_OG
3P7K9|Fungi	146	112.91569992266048	L	DNA replication factor CDT1 like	MHS440	fungi_OG
3P7KM|Fungi	1062	908.3365361398064	S	PPR repeat family	MHS440	fungi_OG
3P7M7|Fungi	114	690.6836808797593	I	This small integral protein plays a role in holoenzyme assembly or stability	MHS440	fungi_OG
3P7MJ|Fungi	837	1708.7029298296904	S	Essential protein Yae1, N terminal	MHS440	fungi_OG
3P7MQ|Fungi	106	197.3929236499069	K	Component of the Mediator complex, a coactivator involved in the regulated transcription of nearly all RNA polymerase II-dependent genes. Mediator functions as a bridge to convey information from gene-specific regulatory proteins to the basal RNA polymerase II transcription machinery. Mediator is recruited to promoters by direct interactions with regulatory proteins and serves as a scaffold for the assembly of a functional preinitiation complex with RNA polymerase II and the general transcription factors	MHS440	fungi_OG
3P7MS|Fungi	749	829.1530757918532	S	Cyclin	MHS440	fungi_OG
3P7N0|Fungi	95	174.79437845226818	S	Mis12 protein	MHS440	fungi_OG
3P7N8|Fungi	301	1731.2717770034842	C	Cytochrome b5	MHS440	fungi_OG
3P7ND|Fungi	378	148.93617021276597	S	biological adhesion	MHS440	fungi_OG
3P7NM|Fungi	28	78.33353075890389	U	Signal recognition particle	MHS440	fungi_OG
3P7P4|Fungi	633	224.22954303931988	S	rRNA processing/ribosome biogenesis	MHS440	fungi_OG
3P7PF|Fungi	128	300.7704391990327	S	SGF29 tudor-like domain	MHS440	fungi_OG
3P7PM|Fungi	103	149.9272197962154	TZ	Zinc-binding domain present in Lin-11, Isl-1, Mec-3.	MHS440	fungi_OG
3P7PZ|Fungi	193	609.4969889849979	S	DNA polymerase delta, subunit 4	MHS440	fungi_OG
3P7Q5|Fungi	213	296.85478920706294	J	ribosome disassembly	MHS440	fungi_OG
3P7QB|Fungi	28	94.27609427609428	S	Protein of unknown function (DUF423)	MHS440	fungi_OG
3P7QC|Fungi	33006	25765.66907132008	S	NA	MHS440	fungi_OG
3P7QF|Fungi	720	346.24676559117074	K	Myb-like DNA-binding domain	MHS440	fungi_OG
3P7RH|Fungi	259	297.2842569616763	S	WD40 repeats	MHS440	fungi_OG
3P7S1|Fungi	80	265.63146997929607	S	Kinase phosphorylation protein	MHS440	fungi_OG
3P7TC|Fungi	208	177.51701036584757	S	A Receptor for Ubiquitination Targets	MHS440	fungi_OG
3P7TU|Fungi	102	229.2958522805567	S	Protein of unknown function (DUF2034)	MHS440	fungi_OG
3P7TZ|Fungi	486	900.377664712357	S	Ankyrin repeat protein	MHS440	fungi_OG
3P7UB|Fungi	277	716.5616926772208	U	Signal recognition particle	MHS440	fungi_OG
3P7UE|Fungi	37	121.6931216931217	S	Peptidyl-tRNA hydrolase II	MHS440	fungi_OG
3P7V1|Fungi	243	274.02275479198556	S	Cut8, nuclear proteasome tether protein	MHS440	fungi_OG
3P7V5|Fungi	2169	2923.1153978657594	J	NA	MHS440	fungi_OG
3P7VI|Fungi	393	441.0910970615134	S	Ribonuclease-III-like	MHS440	fungi_OG
3P7VX|Fungi	115	133.10185185185185	S	NA	MHS440	fungi_OG
3P7W9|Fungi	92	134.50292397660817	S	pinin/SDK/memA/ protein conserved region	MHS440	fungi_OG
3P7WW|Fungi	376	433.3163183900658	S	NA	MHS440	fungi_OG
3P7X2|Fungi	33	115.995115995116	K	Subunit 21 of Mediator complex	MHS440	fungi_OG
3P7X3|Fungi	22	46.447591382231906	S	Expressed protein	MHS440	fungi_OG
3P7XG|Fungi	82	128.35478399680736	K	NA	MHS440	fungi_OG
3P7XH|Fungi	255	189.49004212162106	S	DNA binding	MHS440	fungi_OG
3P7XJ|Fungi	248	238.41073523308322	S	NA	MHS440	fungi_OG
3P7XX|Fungi	256	282.5426134971392	S	NA	MHS440	fungi_OG
3P7YW|Fungi	573	401.0574407947132	S	WD repeat domain 74	MHS440	fungi_OG
3P7ZF|Fungi	64	54.421768707483	S	NA	MHS440	fungi_OG
3P7ZJ|Fungi	271	178.551539105143	L	Smr domain	MHS440	fungi_OG
3P7ZQ|Fungi	290	899.258740033629	O	Thioredoxin	MHS440	fungi_OG
3P80A|Fungi	249	467.63613142923487	K	helix loop helix domain	MHS440	fungi_OG
3P80E|Fungi	392	1148.5380116959063	S	Ribonuclease	MHS440	fungi_OG
3P80G|Fungi	62	106.3883576249203	K	Component of the SWR1 complex which mediates the ATP- dependent exchange of histone H2A for the H2A variant HZT1 leading to transcriptional regulation of selected genes by chromatin remodeling. Involved in chromosome stability	MHS440	fungi_OG
3P80V|Fungi	12	38.83495145631068	S	Acetyltransferase (GNAT) family	MHS440	fungi_OG
3P80Y|Fungi	282	214.6118721461187	S	Sel1-like repeats.	MHS440	fungi_OG
3P814|Fungi	1461	1907.583488640542	S	NA	MHS440	fungi_OG
3P84Y|Fungi	24	72.82356835484939	S	Nbl1 / Borealin N terminal	MHS440	fungi_OG
3P85H|Fungi	6257	12933.193601348334	S	Secreted protein	MHS440	fungi_OG
3P867|Fungi	15	28.90173410404624	S	Fungal domain of unknown function (DUF1746)	MHS440	fungi_OG
3P872|Fungi	3504	5617.651901326642	O	Glutathione S-transferase, C-terminal domain	MHS440	fungi_OG
3P87Z|Fungi	165	300.54644808743166	K	Kinase binding protein CGI-121	MHS440	fungi_OG
3P883|Fungi	629	417.0446276851118	K	GAL4-like Zn(II)2Cys6 (or C6 zinc) binuclear cluster DNA-binding domain	MHS440	fungi_OG
3P885|Fungi	104	107.32714138286894	S	NA	MHS440	fungi_OG
3P886|Fungi	84	105.66037735849056	S	NA	MHS440	fungi_OG
3P88D|Fungi	19	65.29209621993128	L	RecQ mediated genome instability protein	MHS440	fungi_OG
3P88Q|Fungi	589	1306.6615097072652	S	NA	MHS440	fungi_OG
3P88T|Fungi	277	602.4252271545506	S	LETM1-like protein	MHS440	fungi_OG
3P89X|Fungi	55	102.99625468164794	S	NA	MHS440	fungi_OG
3P8AH|Fungi	274	386.1216526851202	V	Tyrosine phosphatase family	MHS440	fungi_OG
3P8AZ|Fungi	221	71.66018158236056	K	GATA zinc finger	MHS440	fungi_OG
3P8CE|Fungi	24	68.37606837606837	S	NA	MHS440	fungi_OG
3P8CS|Fungi	39	70.65217391304347	S	Kinetochore protein Mis18	MHS440	fungi_OG
3P8D8|Fungi	41	168.72427983539094	S	Complex1_LYR-like	MHS440	fungi_OG
3P8DW|Fungi	73	117.5523349436393	Q	Thioesterase superfamily	MHS440	fungi_OG
3P8DY|Fungi	108	197.0679012345679	S	Putative DNA-binding (bihelical) motif predicted to be involved in chromosomal organisation	MHS440	fungi_OG
3P8E4|Fungi	1350	2794.5239338544266	S	NA	MHS440	fungi_OG
3P8EE|Fungi	211	299.2884510125889	K	Vitamin-D-receptor interacting Mediator subunit 4	MHS440	fungi_OG
3P8EF|Fungi	52	164.94394283768096	S	PET assembly of cytochrome c oxidase, mitochondrial	MHS440	fungi_OG
3P8EV|Fungi	103	176.23617406864693	S	Centromere protein Scm3	MHS440	fungi_OG
3P8EW|Fungi	252	389.48076016257835	S	NA	MHS440	fungi_OG
3P8F3|Fungi	938	409.69765276888575	S	RhoGEF domain	MHS440	fungi_OG
3P8G5|Fungi	169	896.0573476702509	S	NADH-ubiquinone oxidoreductase B12 subunit family	MHS440	fungi_OG
3P8G9|Fungi	150	943.4065934065934	S	atp synthase	MHS440	fungi_OG
3P8GI|Fungi	81	161.47536516241553	S	N-terminal domain of NEFA-interacting nuclear protein NIP30	MHS440	fungi_OG
3P8GK|Fungi	67	78.92539401490808	S	Shugoshin C terminus	MHS440	fungi_OG
3P8GP|Fungi	414	626.1287995158963	J	NA	MHS440	fungi_OG
3P8H6|Fungi	279	177.0487264673311	K	to Saccharomyces cerevisiae RRN5 (YLR141W)	MHS440	fungi_OG
3P8H9|Fungi	14	67.94380587484035	J	Belongs to the bacterial ribosomal protein bL36 family	MHS440	fungi_OG
3P8HG|Fungi	36	113.85077186963979	S	NA	MHS440	fungi_OG
3P8HN|Fungi	411	430.8176100628931	S	NA	MHS440	fungi_OG
3P8HX|Fungi	52	146.03807624744815	S	cytochrome c oxidase protein	MHS440	fungi_OG
3P8I2|Fungi	7	15.350877192982455	S	Sin3 associated polypeptide p18 (SAP18)	MHS440	fungi_OG
3P8IM|Fungi	90	193.77049180327867	K	NA	MHS440	fungi_OG
3P8IR|Fungi	492	2667.6068376068374	S	atp synthase epsilon chain	MHS440	fungi_OG
3P8IX|Fungi	209	323.34785766158313	S	Ribosomal protein S21	MHS440	fungi_OG
3P8JX|Fungi	123	542.7749306624577	O	C oxidase copper chaperone	MHS440	fungi_OG
3P8K6|Fungi	159	588.8888888888888	J	Belongs to the bacterial ribosomal protein bS18 family	MHS440	fungi_OG
3P8K8|Fungi	94	393.0688554491564	C	Glutaredoxin-like domain (DUF836)	MHS440	fungi_OG
3P8KF|Fungi	35	188.1720430107527	S	Cytochrome c oxidase subunit VII	MHS440	fungi_OG
3P8M9|Fungi	22	72.60726072607261	S	NA	MHS440	fungi_OG
3P8MV|Fungi	1	5.649717514124294	S	Tom7-domain-containing protein	MHS440	fungi_OG
3P8MW|Fungi	331	455.92286501377413	S	Ubiquitin-2 like Rad60 SUMO-like	MHS440	fungi_OG
3P8MY|Fungi	65	315.8843463840219	S	inhibitor	MHS440	fungi_OG
3P8ND|Fungi	54	205.02438174851966	S	DASH complex subunit Dad4	MHS440	fungi_OG
3P8NH|Fungi	46	157.3185956578667	S	Mitochondrial ATPase inhibitor, IATP	MHS440	fungi_OG
3P8NK|Fungi	9	27.27272727272727	J	ribosomal protein l34	MHS440	fungi_OG
3P8NM|Fungi	25	18.477457501847745	K	Homeodomain	MHS440	fungi_OG
3P8NU|Fungi	55	130.14336917562724	S	Uncharacterised conserved protein (DUF2315)	MHS440	fungi_OG
3P8PN|Fungi	186	400	S	Endoplasmic reticulum-based factor for assembly of V-ATPase	MHS440	fungi_OG
3P8QE|Fungi	91	113.55669682889052	S	NA	MHS440	fungi_OG
3P8QX|Fungi	231	197.77277840269966	S	NA	MHS440	fungi_OG
3P8R2|Fungi	157	375.28335893546546	S	Mitochondrial ribosomal protein L37	MHS440	fungi_OG
3P8RC|Fungi	10	20.2020202020202	A	NA	MHS440	fungi_OG
3P8RY|Fungi	354	1235.7537640556511	S	NA	MHS440	fungi_OG
3P8S4|Fungi	181	763.7130801687764	S	NA	MHS440	fungi_OG
3P8SE|Fungi	4	16.666666666666668	S	Antibiotic biosynthesis monooxygenase	MHS440	fungi_OG
3P8SQ|Fungi	253	351.8525260615769	S	Flavin reductase like domain	MHS440	fungi_OG
3P8SX|Fungi	110	116.77282377919322	S	NA	MHS440	fungi_OG
3P8TN|Fungi	132	227.75696055301123	K	Involved in nucleolar integrity and required for processing of the pre-rRNA for the 60S ribosome subunit	MHS440	fungi_OG
3P8TS|Fungi	233	533.328579635157	S	DUF1748-domain-containing protein	MHS440	fungi_OG
3P8U3|Fungi	22	81.85812931575643	S	Essential protein Yae1, N terminal	MHS440	fungi_OG
3P8U5|Fungi	62	182.45189521740323	S	NA	MHS440	fungi_OG
3P8U6|Fungi	50	22.675736961451246	S	NA	MHS440	fungi_OG
3P8UJ|Fungi	77	195.55596251869486	S	Altered inheritance of mitochondria protein 19	MHS440	fungi_OG
3P8US|Fungi	763	644.0962743915265	S	Peroxisomal membrane anchor protein (Pex14p) conserved region	MHS440	fungi_OG
3P8V7|Fungi	77	147.5095785440613	S	NA	MHS440	fungi_OG
3P8W6|Fungi	100	78.80220646178094	S	NA	MHS440	fungi_OG
3P8WK|Fungi	10	24.154589371980677	S	NA	MHS440	fungi_OG
3P8WV|Fungi	24	96.3855421686747	S	NA	MHS440	fungi_OG
3P8X4|Fungi	411	117.0940170940171	S	Forkhead associated domain	MHS440	fungi_OG
3P8X9|Fungi	407	136.74784060100944	S	MRC1-like domain	MHS440	fungi_OG
3P8XA|Fungi	1440	3796.6480280705337	J	Ribosomal protein L30p/L7e	MHS440	fungi_OG
3P8XF|Fungi	1042	1658.7435569352049	A	RNA recognition motif	MHS440	fungi_OG
3P8XK|Fungi	12	37.38317757009346	S	NA	MHS440	fungi_OG
3P8XX|Fungi	461	312.11112568409067	S	Bromodomain associated	MHS440	fungi_OG
3P8Y6|Fungi	1085	1359.720571733536	S	Mitochondrial ribosomal protein subunit	MHS440	fungi_OG
3P8YF|Fungi	481	267.6683361157485	S	NA	MHS440	fungi_OG
3P8YH|Fungi	241	189.22149256411407	S	NA	MHS440	fungi_OG
3P8YU|Fungi	271	284.96319663512094	S	NA	MHS440	fungi_OG
3P8Z1|Fungi	319	126.90300107687935	S	NA	MHS440	fungi_OG
3P8Z5|Fungi	28	13.201320132013201	S	NA	MHS440	fungi_OG
3P8Z9|Fungi	239	305.23627075351214	S	NA	MHS440	fungi_OG
3P8ZD|Fungi	1689	826.169072717885	S	NA	MHS440	fungi_OG
3P8ZM|Fungi	45	173.89582095464448	S	Sen15 protein	MHS440	fungi_OG
3P906|Fungi	212	268.69455006337137	S	Transcription factor TFIID complex subunit 8 C-term	MHS440	fungi_OG
3P908|Fungi	482	504.63372664700097	K	basic region leucin zipper	MHS440	fungi_OG
3P90D|Fungi	120	701.3709136228549	J	ribosomal protein	MHS440	fungi_OG
3P90U|Fungi	110	260.11928547114803	S	NA	MHS440	fungi_OG
3P90W|Fungi	4	14.67425679949399	K	Involved in mRNA export coupled transcription activation by association with both the TREX-2 and the SAGA complexes. At the promoters, SAGA is required for recruitment of the basal transcription machinery. It influences RNA polymerase II transcriptional activity through different activities such as TBP interaction and promoter selectivity, interaction with transcription activators, and chromatin modification through histone acetylation and deubiquitination. Within the SAGA complex, participates to a subcomplex required for deubiquitination of H2B and for the maintenance of steady-state H3 methylation levels. The TREX-2 complex functions in docking export-competent ribonucleoprotein particles (mRNPs) to the nuclear entrance of the nuclear pore complex (nuclear basket). TREX-2 participates in mRNA export and accurate chromatin positioning in the nucleus by tethering genes to the nuclear periphery. May also be involved in cytoplasmic mRNA decay by interaction with components of P-bodies	MHS440	fungi_OG
3P917|Fungi	315	431.06349206349205	S	Ornithine decarboxylase antizyme	MHS440	fungi_OG
3P91D|Fungi	37	52.03938115330521	S	NA	MHS440	fungi_OG
3P91E|Fungi	42	33.980582524271846	S	NA	MHS440	fungi_OG
3P91Q|Fungi	4	16.06425702811245	S	Ctf8	MHS440	fungi_OG
3P924|Fungi	36	82.70628336227409	S	Ribosomal protein S36, mitochondrial	MHS440	fungi_OG
3P92W|Fungi	349	193.6260162601626	S	zinc finger	MHS440	fungi_OG
3P92X|Fungi	264	268.04385775557694	S	Belongs to the small heat shock protein (HSP20) family	MHS440	fungi_OG
3P93C|Fungi	243	206.09654598418643	S	NA	MHS440	fungi_OG
3P93S|Fungi	537	493.2188001955443	S	NA	MHS440	fungi_OG
3P945|Fungi	99	358.695652173913	S	NA	MHS440	fungi_OG
3P94E|Fungi	35	157.81267401715112	S	NA	MHS440	fungi_OG
3P94K|Fungi	72	172.79996441241562	S	Uncharacterised protein family (UPF0203)	MHS440	fungi_OG
3P94S|Fungi	695	874.6386600197593	S	NA	MHS440	fungi_OG
3P94Z|Fungi	21	85.00717150129404	S	Predicted coiled-coil protein (DUF2205)	MHS440	fungi_OG
3P95E|Fungi	230	288.3306172151731	S	NA	MHS440	fungi_OG
3P95F|Fungi	677	1839.7738131334013	S	Stress responsive A/B Barrel Domain	MHS440	fungi_OG
3P95S|Fungi	151	130.5659254450035	S	Nuclear cap-binding protein subunit 3	MHS440	fungi_OG
3P975|Fungi	454	165.21106259097525	S	NA	MHS440	fungi_OG
3P97S|Fungi	74	106.77265606772657	S	NA	MHS440	fungi_OG
3P98J|Fungi	247	484.3137254901961	S	Protein of unknown function (DUF2423)	MHS440	fungi_OG
3P990|Fungi	292	618.9358372456963	S	ER protein Pkr1	MHS440	fungi_OG
3P996|Fungi	179	774.8917748917748	S	Protein of unknown function (DUF2611)	MHS440	fungi_OG
3P9AB|Fungi	214	176.56765676567656	S	NA	MHS440	fungi_OG
3P9BU|Fungi	86	206.92313082474948	S	NA	MHS440	fungi_OG
3P9C4|Fungi	313	430.57114853426	S	NA	MHS440	fungi_OG
3P9C9|Fungi	31	31.991744066047474	S	NA	MHS440	fungi_OG
3P9DK|Fungi	43	151.22259730102869	J	30S ribosomal protein S17	MHS440	fungi_OG
3P9E3|Fungi	37	86.24708624708624	S	NA	MHS440	fungi_OG
3P9F4|Fungi	52	86.8196131354026	S	NA	MHS440	fungi_OG
3P9F9|Fungi	19	17.21014492753623	S	NA	MHS440	fungi_OG
3P9FB|Fungi	202	385.75345312824743	T	NUDIX domain	MHS440	fungi_OG
3P9FF|Fungi	794	643.1786800956246	O	NA	MHS440	fungi_OG
3P9G9|Fungi	7679	10601.160089186538	S	NA	MHS440	fungi_OG
3P9GE|Fungi	50	241.01701158663184	S	Spc24 subunit of Ndc80	MHS440	fungi_OG
3P9GM|Fungi	132	169.88577362409137	S	PIN domain	MHS440	fungi_OG
3P9I1|Fungi	208	289.74733395282976	S	NA	MHS440	fungi_OG
3P9SJ|Fungi	315	330.7380487819914	S	DNA-directed RNA polymerase I subunit RPA34.5	MHS440	fungi_OG
3P9TK|Fungi	123	247.58015728977617	S	NA	MHS440	fungi_OG
3P9U0|Fungi	300	602.2919975996329	S	rRNA processing	MHS440	fungi_OG
3P9V0|Fungi	641	494.09443702391894	S	NA	MHS440	fungi_OG
3P9VJ|Fungi	7	18.97018970189702	S	COMPASS (Complex proteins associated with Set1p) component shg1	MHS440	fungi_OG
3P9WV|Fungi	19	66.66666666666667	S	NA	MHS440	fungi_OG
3P9XG|Fungi	133	235.3217328903828	K	Homeodomain	MHS440	fungi_OG
3P9XI|Fungi	241	140.93567251461988	S	NA	MHS440	fungi_OG
3PA2X|Fungi	274	550.2008032128514	Q	Belongs to the multicopper oxidase family	MHS440	fungi_OG
3PA4N|Fungi	585	278.57142857142856	S	NA	MHS440	fungi_OG
3PA6P|Fungi	283	216.31429977062606	S	NA	MHS440	fungi_OG
3PAA1|Fungi	4376	4579.683987444808	A	mannose-1-phosphate guanylyltransferase	MHS440	fungi_OG
3PAC7|Fungi	44	69.18238993710692	ET	Threonine dehydratase	MHS440	fungi_OG
3PAJF|Fungi	18	35.92814371257485	K	Fungal specific transcription factor domain	MHS440	fungi_OG
3PAND|Fungi	2606	1888.8406553434572	S	Glyoxal oxidase N-terminus	MHS440	fungi_OG
3PAZE|Fungi	1669	1419.8629984699435	T	Mitogen-activated protein kinase	MHS440	fungi_OG
3PBC4|Fungi	45	119.04761904761905	S	NA	MHS440	fungi_OG
3PBGM|Fungi	80	128.55530063003022	S	NA	MHS440	fungi_OG
3PBHH|Fungi	667	1208.3333333333333	I	alpha beta-hydrolase	MHS440	fungi_OG
3PBRV|Fungi	7	13.565891472868216	S	Ricin-type beta-trefoil	MHS440	fungi_OG
3PC8S|Fungi	6	18.69158878504673	S	Aldo/keto reductase family	MHS440	fungi_OG
3PCED|Fungi	3475	479.1501066055076	U	Anucleate primary sterigmata protein A	MHS440	fungi_OG
3PCFU|Fungi	10	21.78649237472767	S	NA	MHS440	fungi_OG
3PCHZ|Fungi	13	56.277056277056275	L	BRCA2, helical	MHS440	fungi_OG
3PCWE|Fungi	50	118.2033096926714	T	Serine/Threonine protein kinases, catalytic domain	MHS440	fungi_OG
3PCXJ|Fungi	33	57.59162303664922	IQ	Cytochrome p-450	MHS440	fungi_OG
3PD3R|Fungi	2116	2650.5902884714096	O	Belongs to the peptidase A1 family	MHS440	fungi_OG
3PD6M|Fungi	1064	1230.7502184866114	O	DnaJ molecular chaperone homology domain	MHS440	fungi_OG
3PDAV|Fungi	1181	4514.838625884798	S	NA	MHS440	fungi_OG
3PDFG|Fungi	40	54.86968449931413	S	NA	MHS440	fungi_OG
3PDI2|Fungi	11	17.05426356589147	S	NA	MHS440	fungi_OG
3PDJX|Fungi	3457	6380.452776152289	S	NA	MHS440	fungi_OG
3PDSU|Fungi	4	15.32567049808429	S	NA	MHS440	fungi_OG
3PDU9|Fungi	111	172.89719626168224	U	Belongs to the SNF7 family	MHS440	fungi_OG
3PDWJ|Fungi	324	479.99999999999994	S	NA	MHS440	fungi_OG
3PE27|Fungi	6293	4113.938181913488	Q	Cytochrome p-450	MHS440	fungi_OG
3PE4Q|Fungi	157	120.86220169361047	S	NA	MHS440	fungi_OG
3PECM|Fungi	88	162.0626151012891	O	Eukaryotic aspartyl protease	MHS440	fungi_OG
3PEGK|Fungi	24	125.49019607843138	S	NA	MHS440	fungi_OG
3PENB|Fungi	268	722.989038134939	S	DSS1_SEM1	MHS440	fungi_OG
3PF9U|Fungi	53	187.94326241134755	S	NA	MHS440	fungi_OG
3PFBC|Fungi	4	15.544871794871794	A	Nuclear polyadenylated RNA-binding protein Nab2	MHS440	fungi_OG
3PFD9|Fungi	134	176.453514739229	S	to Saccharomyces cerevisiae SPT20 (YOL148C)	MHS440	fungi_OG
3PFG6|Fungi	5	11.337868480725623	S	Domain of unknown function (DUF1992)	MHS440	fungi_OG
3PFNJ|Fungi	107	165.89147286821705	S	NA	MHS440	fungi_OG
3PFRS|Fungi	139	246.45390070921988	S	NA	MHS440	fungi_OG
3PFSM|Fungi	161	98.65196078431373	S	NA	MHS440	fungi_OG
3PFVV|Fungi	213	533.2567049808429	S	NA	MHS440	fungi_OG
3PG48|Fungi	1	3.5087719298245617	S	Non-catalytic module family expn protein	MHS440	fungi_OG
3PG9Y|Fungi	94	174.9502309284918	S	MAPEG family	MHS440	fungi_OG
3PGD9|Fungi	563	741.9807018655216	K	heat shock factor	MHS440	fungi_OG
3PGHN|Fungi	55	176.74653365398888	O	Belongs to the peptidase A1 family	MHS440	fungi_OG
3PGPD|Fungi	266	293.5710528237495	S	NA	MHS440	fungi_OG
3PGYX|Fungi	44	40.40404040404041	S	NA	MHS440	fungi_OG
3PHSA|Fungi	1418	912.2209939354952	S	arm repeat-containing protein	MHS440	fungi_OG
3PHXK|Fungi	225	137.61467889908258	S	NA	MHS440	fungi_OG
3PI1G|Fungi	290	297.6575634021305	S	NA	MHS440	fungi_OG
3PIDB|Fungi	972	410.54597576336704	S	NA	MHS440	fungi_OG
3PIQB|Fungi	45	25.210084033613448	S	NA	MHS440	fungi_OG
3PIRD|Fungi	317	295.1582867783985	S	NA	MHS440	fungi_OG
3PIST|Fungi	19	46.568627450980394	S	NA	MHS440	fungi_OG
3PIV4|Fungi	161	259.25925925925924	S	GAL4-like Zn(II)2Cys6 (or C6 zinc) binuclear cluster DNA-binding domain	MHS440	fungi_OG
3PIYB|Fungi	1144	685.5849052565111	S	NA	MHS440	fungi_OG
3PJ5K|Fungi	9327	1231.2485167036618	S	biological adhesion	MHS440	fungi_OG
3PJ5Z|Fungi	957	532.8290384152488	S	NA	MHS440	fungi_OG
3PJ65|Fungi	891	541.490020114498	S	NA	MHS440	fungi_OG
3PJ68|Fungi	204	146.55172413793105	S	Domain of unknown function (DUF4042)	MHS440	fungi_OG
3PJAT|Fungi	517	712.1212121212121	S	Proline-rich nuclear receptor coactivator motif	MHS440	fungi_OG
3PJSP|Fungi	818	408.1148867313916	S	NA	MHS440	fungi_OG
3PJT0|Fungi	145	277.77777777777777	S	NA	MHS440	fungi_OG
3PJTF|Fungi	46	118.31862460466807	S	NA	MHS440	fungi_OG
3PJTG|Fungi	81	102.41037480627006	S	NA	MHS440	fungi_OG
3PJTR|Fungi	80	152.27426637291285	S	NA	MHS440	fungi_OG
3PJUW|Fungi	224	202.3486901535682	S	NA	MHS440	fungi_OG
3PJUY|Fungi	122	127.48171368861024	S	NA	MHS440	fungi_OG
3PJV4|Fungi	187	492.1930103351222	J	NA	MHS440	fungi_OG
3PJVA|Fungi	20	45.662100456621005	S	NA	MHS440	fungi_OG
3PJYT|Fungi	677	478.1438324903829	S	Ribonuclease P 40kDa (Rpp40) subunit	MHS440	fungi_OG
3PJZ7|Fungi	596	453.6214731601539	S	NA	MHS440	fungi_OG
3PK4R|Fungi	803	922.3690268528588	S	Mitochondrial domain of unknown function (DUF1713)	MHS440	fungi_OG
3PKBG|Fungi	220	468.04992862581673	S	NA	MHS440	fungi_OG
3PKD5|Fungi	35	48.21015664389159	S	NA	MHS440	fungi_OG
3PKD9|Fungi	87	33.333333333333336	S	NA	MHS440	fungi_OG
3PKDB|Fungi	148	68.13996316758747	S	TRAPP trafficking subunit Trs65	MHS440	fungi_OG
3PKDH|Fungi	391	509.8801003810763	S	NA	MHS440	fungi_OG
3PKDQ|Fungi	307	536.8591251483265	S	NA	MHS440	fungi_OG
3PKDV|Fungi	82	64.77093206951027	S	NA	MHS440	fungi_OG
3PKEN|Fungi	154	268.2193640478936	S	NA	MHS440	fungi_OG
3PKEW|Fungi	1762	1901.04649502791	S	NA	MHS440	fungi_OG
3PKF1|Fungi	455	230.14668689934243	S	Protein kinase domain	MHS440	fungi_OG
3PKF2|Fungi	89	116.33986928104575	S	NA	MHS440	fungi_OG
3PKF9|Fungi	542	201.06260172511455	S	NA	MHS440	fungi_OG
3PKFE|Fungi	486	475.76615934564563	K	Forkhead domain	MHS440	fungi_OG
3PKFS|Fungi	660	288.4255497956871	S	NA	MHS440	fungi_OG
3PKFY|Fungi	382	406.17723924922785	S	NA	MHS440	fungi_OG
3PKGD|Fungi	50	76.4525993883792	S	NA	MHS440	fungi_OG
3PKGE|Fungi	3004	2919.8173554241257	S	NA	MHS440	fungi_OG
3PKGF|Fungi	459	496.6116235953612	S	NA	MHS440	fungi_OG
3PKGJ|Fungi	21	40.69767441860465	S	NA	MHS440	fungi_OG
3PKGU|Fungi	1	4.566210045662101	S	NA	MHS440	fungi_OG
3PKH0|Fungi	109	80.3834808259587	L	Rad51	MHS440	fungi_OG
3PKH6|Fungi	4	18.01801801801802	S	NA	MHS440	fungi_OG
3PKHB|Fungi	213	236.95107333551272	B	high mobility group	MHS440	fungi_OG
3PKHE|Fungi	85	59.64912280701754	S	NA	MHS440	fungi_OG
3PKHI|Fungi	509	389.14373088685016	S	Nup53/35/40-type RNA recognition motif	MHS440	fungi_OG
3PKHU|Fungi	21	66.0377358490566	S	Signal recognition particle 14kD protein	MHS440	fungi_OG
3PKIW|Fungi	150	173.13572460911837	S	Putative zinc finger motif, C2HC5-type	MHS440	fungi_OG
3PKJ4|Fungi	9	22.727272727272727	S	Anaphase-promoting complex, cyclosome, subunit 4	MHS440	fungi_OG
3PKJH|Fungi	46	116.08391608391608	S	HECT-like Ubiquitin-conjugating enzyme (E2)-binding	MHS440	fungi_OG
3PKK2|Fungi	263	381.1594202898551	S	Elongation complex protein 6	MHS440	fungi_OG
3PKK3|Fungi	297	132.5301204819277	S	Mysoin-binding motif of peroxisomes	MHS440	fungi_OG
3PKK4|Fungi	204	352.8857427920153	S	NA	MHS440	fungi_OG
3PKK5|Fungi	126	101.20481927710843	S	NA	MHS440	fungi_OG
3PKKS|Fungi	1351	317.28496903866534	S	NA	MHS440	fungi_OG
3PKM6|Fungi	384	199.8845921339464	S	NA	MHS440	fungi_OG
3PKMJ|Fungi	962	301.23992347332796	S	PXA domain	MHS440	fungi_OG
3PKMQ|Fungi	1326	697.1435011888868	S	NA	MHS440	fungi_OG
3PKN0|Fungi	281	345.4796972234537	S	NA	MHS440	fungi_OG
3PKN6|Fungi	6	16.80672268907563	S	NA	MHS440	fungi_OG
3PKNB|Fungi	49	108.16777041942605	S	NA	MHS440	fungi_OG
3PKNM|Fungi	34	58.119658119658126	S	NA	MHS440	fungi_OG
3PKR9|Fungi	272	73.41430499325236	S	NA	MHS440	fungi_OG
3PKS3|Fungi	18	69.76744186046511	S	4'-phosphopantetheinyl transferase superfamily	MHS440	fungi_OG
3PKSB|Fungi	3188	7366.735837136847	S	NA	MHS440	fungi_OG
3PKT4|Fungi	8	36.03603603603604	S	NA	MHS440	fungi_OG
3PKTS|Fungi	26	75.36231884057972	S	NA	MHS440	fungi_OG
3PKUF|Fungi	232	899.4638491020737	S	NA	MHS440	fungi_OG
3PKVC|Fungi	56	157.3687994248742	S	NA	MHS440	fungi_OG
3PKW7|Fungi	650	451.0559573053993	S	NA	MHS440	fungi_OG
3PKWD|Fungi	212	391.510293716176	S	NA	MHS440	fungi_OG
3PKWG|Fungi	38	196.13095238095238	S	NA	MHS440	fungi_OG
3PKWI|Fungi	1184	718.6258151059166	S	NA	MHS440	fungi_OG
3PKWK|Fungi	216	110.31935098888749	S	NA	MHS440	fungi_OG
3PKWY|Fungi	198	145.6953642384106	S	SUR7/PalI family	MHS440	fungi_OG
3PKXB|Fungi	301	294.2326410590056	S	NA	MHS440	fungi_OG
3PKXC|Fungi	35	60.11657387804177	S	NA	MHS440	fungi_OG
3PKXN|Fungi	110	155.23085248796605	S	Ribonuclease H2 non-catalytic subunit (Ylr154p-like)	MHS440	fungi_OG
3PKXT|Fungi	257	266.87435098650053	S	NA	MHS440	fungi_OG
3PKY1|Fungi	10	27.548209366391184	S	Bromodomain	MHS440	fungi_OG
3PKY3|Fungi	654	677.0186335403727	S	NA	MHS440	fungi_OG
3PKYE|Fungi	65	68.13417190775682	S	NA	MHS440	fungi_OG
3PKYJ|Fungi	71	52.59259259259259	S	NA	MHS440	fungi_OG
3PKYK|Fungi	22	64.89675516224189	S	Kinetochore protein Mis14 like	MHS440	fungi_OG
3PKYM|Fungi	622	713.2746195063702	S	Subunit 17 of Mediator complex	MHS440	fungi_OG
3PKZ7|Fungi	1159	847.8885278748573	S	NA	MHS440	fungi_OG
3PKZA|Fungi	172	183.76068376068375	S	GAL4-like Zn(II)2Cys6 (or C6 zinc) binuclear cluster DNA-binding domain	MHS440	fungi_OG
3PKZG|Fungi	465	429.07287011333824	S	NA	MHS440	fungi_OG
3PKZK|Fungi	126	386.2358444550225	S	Regulator of volume decrease after cellular swelling	MHS440	fungi_OG
3PKZP|Fungi	468	158.85947046843177	S	NA	MHS440	fungi_OG
3PKZU|Fungi	761	1460.0032772840161	S	NA	MHS440	fungi_OG
3PKZV|Fungi	118	130.30255361543706	S	NA	MHS440	fungi_OG
3PKZY|Fungi	70	76.75438596491227	S	NA	MHS440	fungi_OG
3PM0A|Fungi	721	1153.0200768472673	S	NA	MHS440	fungi_OG
3PM0H|Fungi	833	1319.5070629861607	S	NA	MHS440	fungi_OG
3PM0I|Fungi	16	57.34767025089605	S	TFIIIC subunit	MHS440	fungi_OG
3PM0M|Fungi	238	202.8985507246377	S	NA	MHS440	fungi_OG
3PM10|Fungi	426	354.11471321695757	S	NA	MHS440	fungi_OG
3PM1C|Fungi	98	133.5741016984638	S	NA	MHS440	fungi_OG
3PM1D|Fungi	37	66.30824372759857	S	NA	MHS440	fungi_OG
3PM1U|Fungi	373	668.4587813620071	S	NA	MHS440	fungi_OG
3PM1V|Fungi	134	136.59531090723752	S	NA	MHS440	fungi_OG
3PM1X|Fungi	156	84.69055374592834	S	NA	MHS440	fungi_OG
3PM20|Fungi	371	356.38808837656103	S	NA	MHS440	fungi_OG
3PM24|Fungi	66	74.07407407407408	S	Phosphoglycerate mutase family	MHS440	fungi_OG
3PM29|Fungi	205	106.05996021597045	S	NA	MHS440	fungi_OG
3PM2B|Fungi	138	422.18978102189783	S	NA	MHS440	fungi_OG
3PM2G|Fungi	148	198.53709056107354	S	NA	MHS440	fungi_OG
3PM2Q|Fungi	159	342.6334805299077	S	NA	MHS440	fungi_OG
3PM2T|Fungi	8	12.759170653907496	B	Core component of nucleosome. Nucleosomes wrap and compact DNA into chromatin, limiting DNA accessibility to the cellular machineries which require DNA as a template. Histones thereby play a central role in transcription regulation, DNA repair, DNA replication and chromosomal stability. DNA accessibility is regulated via a complex set of post-translational modifications of histones, also called histone code, and nucleosome remodeling	MHS440	fungi_OG
3PM2V|Fungi	292	405.7075193240725	S	Methyltransferase domain	MHS440	fungi_OG
3PM3F|Fungi	215	372.8068637233201	S	NA	MHS440	fungi_OG
3PM3P|Fungi	363	247.95081967213116	S	NA	MHS440	fungi_OG
3PM3S|Fungi	299	212.66968325791856	S	Anaphase-promoting complex, cyclosome, subunit 4	MHS440	fungi_OG
3PM3Y|Fungi	168	210.21194605009634	S	NA	MHS440	fungi_OG
3PM41|Fungi	147	298.7804878048781	S	NA	MHS440	fungi_OG
3PM4Y|Fungi	16	44.81792717086835	G	Lytic transglycolase	MHS440	fungi_OG
3PM5D|Fungi	23	68.45238095238095	S	Non-classical export protein 1	MHS440	fungi_OG
3PM5G|Fungi	58	147.8956978743974	K	Pterin 4 alpha carbinolamine dehydratase	MHS440	fungi_OG
3PM5K|Fungi	531	105.89162715052507	S	NA	MHS440	fungi_OG
3PM5M|Fungi	91	78.22515239515475	S	NA	MHS440	fungi_OG
3PM5Q|Fungi	91	216.66666666666669	S	NA	MHS440	fungi_OG
3PM64|Fungi	158	591.7602996254682	S	NA	MHS440	fungi_OG
3PM6C|Fungi	372	405.22243367129346	S	NA	MHS440	fungi_OG
3PM6V|Fungi	10476	17931.282507505723	S	NA	MHS440	fungi_OG
3PM70|Fungi	120	126.97309486300313	S	NA	MHS440	fungi_OG
3PM75|Fungi	23	69.69696969696969	S	2'-5' RNA ligase superfamily	MHS440	fungi_OG
3PM76|Fungi	15	49.01960784313726	S	NA	MHS440	fungi_OG
3PM7C|Fungi	37	42.38258877434135	S	Mitotic checkpoint regulator, MAD2B-interacting	MHS440	fungi_OG
3PM7F|Fungi	202	165.4381654381654	S	NA	MHS440	fungi_OG
3PM82|Fungi	31	99.35897435897436	S	NA	MHS440	fungi_OG
3PM92|Fungi	43	59.972105997210605	S	NA	MHS440	fungi_OG
3PM96|Fungi	70	328.4200359835315	S	VMA21-like domain	MHS440	fungi_OG
3PM9A|Fungi	16	14.375561545372866	K	helix loop helix domain	MHS440	fungi_OG
3PM9F|Fungi	495	361.3952555476542	S	NA	MHS440	fungi_OG
3PMA2|Fungi	283	556.5480513192931	S	NA	MHS440	fungi_OG
3PMA6|Fungi	5653	9288.215150732858	O	Glycosyl hydrolase catalytic core	MHS440	fungi_OG
3PMBF|Fungi	487	1456.6069428891378	S	NA	MHS440	fungi_OG
3PMBM|Fungi	1308	5069.767441860465	S	NA	MHS440	fungi_OG
3PMDB|Fungi	462	143.79084967320262	S	NA	MHS440	fungi_OG
3PMER|Fungi	10	23.80952380952381	S	NA	MHS440	fungi_OG
3PMF3|Fungi	223	119.89247311827957	S	NA	MHS440	fungi_OG
3PMHE|Fungi	993	1189.838243986095	S	NA	MHS440	fungi_OG
3PN7F|Fungi	77	76.03411395394062	S	Sfi1 spindle body protein	MHS440	fungi_OG
3PNDJ|Fungi	76	46.228710462287104	S	Telomeric single stranded DNA binding POT1/CDC13	MHS440	fungi_OG
3PNHA|Fungi	2838	4288.176329155366	P	NADH dehydrogenase (quinone) activity	MHS440	fungi_OG
3PNHB|Fungi	868	2447.157718133414	P	NADH dehydrogenase (quinone) activity	MHS440	fungi_OG
3PNIR|Fungi	473	219.34414717883527	S	NA	MHS440	fungi_OG
3PNWH|Fungi	22	31.33903133903134	S	NA	MHS440	fungi_OG
3PPIP|Fungi	207	181.04324158326708	S	Mis12-Mtw1 protein family	MHS440	fungi_OG
3PPVI|Fungi	1	3.546099290780142	J	Ribosomal protein S3, C-terminal domain	MHS440	fungi_OG
3PQJP|Fungi	339	284.63476070528964	S	basic region leucin zipper	MHS440	fungi_OG
3PU7X|Fungi	155	167.7944057555852	O	DnaJ molecular chaperone homology domain	MHS440	fungi_OG
3PUJR|Fungi	1514	4240.896358543418	S	NA	MHS440	fungi_OG
3PV05|Fungi	8	37.03703703703704	S	NA	MHS440	fungi_OG
3PZWQ|Fungi	12	48.78048780487805	S	DASH complex subunit Hsk3 like	MHS440	fungi_OG
3Q01X|Fungi	92	70.49808429118774	S	Mitotic checkpoint regulator, MAD2B-interacting	MHS440	fungi_OG
3Q0DF|Fungi	1413	674.1478375650283	K	NA	MHS440	fungi_OG
3Q0SI|Fungi	11	23.504273504273502	S	NA	MHS440	fungi_OG
3Q0Y8|Fungi	137	185.63685636856368	S	RibD C-terminal domain	MHS440	fungi_OG
3Q10A|Fungi	12	22.09944751381215	S	cytoskeletal anchoring at nuclear membrane	MHS440	fungi_OG
3Q10H|Fungi	95	75.57677008750996	T	Protein tyrosine kinase	MHS440	fungi_OG
3Q10V|Fungi	169	481.4814814814815	B	Histone acetyl transferase HAT1 N-terminus	MHS440	fungi_OG
3Q11H|Fungi	342	224.85207100591717	V	Steryl acetyl hydrolase	MHS440	fungi_OG
3Q11S|Fungi	2074	2073.250760268545	E	Cytosol aminopeptidase family, catalytic domain	MHS440	fungi_OG
3Q15R|Fungi	94	168.45878136200716	UY	ribosomal protein import into nucleus	MHS440	fungi_OG
3Q16F|Fungi	37	73.96553848320045	S	NRDE-2, necessary for RNA interference, domain containing	MHS440	fungi_OG
3Q18U|Fungi	238	347.87197850606697	OT	PCI domain	MHS440	fungi_OG
3Q193|Fungi	104	191.5285451197053	P	Belongs to the MIP aquaporin (TC 1.A.8) family	MHS440	fungi_OG
3Q1BU|Fungi	66	31.518624641833814	S	NA	MHS440	fungi_OG
3Q1CR|Fungi	1	4.62962962962963	J	Ribosomal protein S28e	MHS440	fungi_OG
3Q1DS|Fungi	63	140.93959731543623	O	ubiquitin-protein transferase activity	MHS440	fungi_OG
3Q1EE|Fungi	31	108.77192982456141	S	Yqey-like protein	MHS440	fungi_OG
3Q1GQ|Fungi	130	408.80503144654085	K	high mobility group	MHS440	fungi_OG
3Q1HQ|Fungi	18	111.11111111111111	U	NA	MHS440	fungi_OG
3Q1HZ|Fungi	59	115.68627450980392	S	NA	MHS440	fungi_OG
3Q1SU|Fungi	96	222.22222222222223	S	NA	MHS440	fungi_OG
3Q21A|Fungi	17	57.23905723905724	S	protein folding in endoplasmic reticulum	MHS440	fungi_OG
3Q23D|Fungi	338	218.34625322997417	S	NA	MHS440	fungi_OG
3Q2BQ|Fungi	57	47.2636815920398	S	mitochondrial proton-transporting ATP synthase complex assembly	MHS440	fungi_OG
3Q2C2|Fungi	43	133.00374531835206	K	Component of the NuA4 histone acetyltransferase complex which is involved in transcriptional activation of selected genes principally by acetylation of nucleosomal histone H4 and H2A. The NuA4 complex is also involved in DNA repair (By similarity)	MHS440	fungi_OG
3Q2EQ|Fungi	73	84.19838523644752	S	NA	MHS440	fungi_OG
3Q2R7|Fungi	150	283.01446622565874	S	Fungal protein of unknown function (DUF1752)	MHS440	fungi_OG
3Q2UM|Fungi	17	56.11985018726591	S	NA	MHS440	fungi_OG
3Q2WA|Fungi	13	39.39393939393939	J	Ribosomal protein L35	MHS440	fungi_OG
3Q2ZE|Fungi	260	335.03721216652633	J	ribosomal protein	MHS440	fungi_OG
3Q320|Fungi	372	393.1829178372543	S	Protein of unknown function (DUF3808)	MHS440	fungi_OG
3Q321|Fungi	460	337.06016220728804	D	Cid1 family poly A polymerase	MHS440	fungi_OG
3Q322|Fungi	50	210.7567229518449	S	transcription factor IIIA	MHS440	fungi_OG
3Q327|Fungi	654	208.02969611345756	S	LisH	MHS440	fungi_OG
3Q35G|Fungi	121	338.9355742296919	U	Belongs to the syntaxin family	MHS440	fungi_OG
3Q363|Fungi	480	641.3326401556908	I	GDSL-like Lipase/Acylhydrolase	MHS440	fungi_OG
3Q366|Fungi	909	640.6565656565656	K	RNA polymerase II- associated Paf1 complex	MHS440	fungi_OG
3Q369|Fungi	926	890.1807207220145	S	Alpha/beta hydrolase family	MHS440	fungi_OG
3Q36B|Fungi	460	595.5219693787795	S	fad dependent oxidoreductase	MHS440	fungi_OG
3Q36P|Fungi	901	324.40076197297515	S	Saccharomyces cerevisiae YMR185w	MHS440	fungi_OG
3Q36Z|Fungi	248	461.9914070929701	A	Tudor domain	MHS440	fungi_OG
3Q372|Fungi	227	174.35314708148843	S	WD40 repeats	MHS440	fungi_OG
3Q373|Fungi	72	212.38938053097343	A	adenosine deaminase	MHS440	fungi_OG
3Q37P|Fungi	70	101.01010101010101	Z	Belongs to the actin family	MHS440	fungi_OG
3Q37R|Fungi	980	1289.9794754077634	S	Programmed cell death protein 2, C-terminal putative domain	MHS440	fungi_OG
3Q37V|Fungi	137	242.06207937500056	S	Nucleoporin subcomplex protein binding to Pom34	MHS440	fungi_OG
3Q37W|Fungi	17	27.508090614886733	J	methyltransferase	MHS440	fungi_OG
3Q381|Fungi	207	217.8572456527728	K	RNA polymerase I upstream activation factor complex subunit Spp27	MHS440	fungi_OG
3Q386|Fungi	5	10.964912280701753	S	Secretory pathway protein Sec39	MHS440	fungi_OG
3Q388|Fungi	10	36.63003663003663	T	NUDIX domain	MHS440	fungi_OG
3Q38E|Fungi	269	314.49473728885494	A	Smg-4/UPF3 family	MHS440	fungi_OG
3Q392|Fungi	973	1413.3678086619263	K	Myb-like DNA-binding domain	MHS440	fungi_OG
3Q39F|Fungi	271	204.67739957426116	A	to Saccharomyces cerevisiae GLE1 (YDL207W)	MHS440	fungi_OG
3Q39H|Fungi	246	260.9026829648717	Z	FRG1-like domain	MHS440	fungi_OG
3Q3A3|Fungi	17	56.10561056105611	S	protein binding, bridging	MHS440	fungi_OG
3Q3AC|Fungi	63	153.28467153284672	S	trm112p-domain-containing protein	MHS440	fungi_OG
3Q3B8|Fungi	282	320.02275802693026	K	rna polymerase i	MHS440	fungi_OG
3Q3BT|Fungi	884	549.0387405765754	UY	Nucleoporin complex subunit 54	MHS440	fungi_OG
3Q3C0|Fungi	2446	2161.2525774595915	Z	Cytoskeleton assembly control protein	MHS440	fungi_OG
3Q3C6|Fungi	223	208.71055381400208	S	Nucleoporin protein Ndc1-Nup	MHS440	fungi_OG
3Q3CA|Fungi	22	60.71621767824299	S	PI31 proteasome regulator N-terminal	MHS440	fungi_OG
3Q3CU|Fungi	260	405.08928571428567	S	Domain of unknown function (DUF1992)	MHS440	fungi_OG
3Q3CV|Fungi	356	335.2165725047081	S	Mitochondrial 18 KDa protein (MTP18)	MHS440	fungi_OG
3Q3EF|Fungi	157	287.68513393381306	P	Cytochrome b561	MHS440	fungi_OG
3Q3FF|Fungi	40	33.50083752093803	S	Protein of unknown function (DUF2418)	MHS440	fungi_OG
3Q3FP|Fungi	80	89.18617614269787	S	Ydr279p protein family (RNase H2 complex component)	MHS440	fungi_OG
3Q3G3|Fungi	48	51.28205128205128	G	N-acetylglucosamine kinase activity	MHS440	fungi_OG
3Q3HE|Fungi	161	90.19607843137256	S	NA	MHS440	fungi_OG
3Q3HF|Fungi	1116	1746.32988501184	J	Ribosomal protein L23	MHS440	fungi_OG
3Q3HZ|Fungi	18	87.09875281128603	S	General transcription and DNA repair factor	MHS440	fungi_OG
3Q3I8|Fungi	20	76.73160173160173	K	Histone acetyltransferase	MHS440	fungi_OG
3Q3J7|Fungi	5258	9374.690790710962	C	catalytic subunit A	MHS440	fungi_OG
3Q3JB|Fungi	481	496.92411859023787	O	RING-like zinc finger	MHS440	fungi_OG
3Q3JN|Fungi	7	24.56140350877193	G	Belongs to the peptidase C19 family	MHS440	fungi_OG
3Q3JU|Fungi	137	122.75985663082436	K	Adhesion defective protein	MHS440	fungi_OG
3Q3JX|Fungi	4066	4070.5990516863176	M	Component of the MICOS complex, a large protein complex of the mitochondrial inner membrane that plays crucial roles in the maintenance of crista junctions, inner membrane architecture, and formation of contact sites to the outer membrane	MHS440	fungi_OG
3Q3K3|Fungi	48	150.9433962264151	H	Long-chain-fatty-acid--CoA ligase	MHS440	fungi_OG
3Q3K4|Fungi	520	619.253935336085	O	ring finger	MHS440	fungi_OG
3Q3KD|Fungi	261	149.48453608247422	S	Magnesium transporter NIPA	MHS440	fungi_OG
3Q3KM|Fungi	269	350.2604166666667	C	Belongs to the mitochondrial carrier (TC 2.A.29) family	MHS440	fungi_OG
3Q3KQ|Fungi	237	649.5535714285714	T	Adaptor protein Ste4	MHS440	fungi_OG
3Q3KX|Fungi	1422	1242.215701545126	Z	Eps15 homology domain	MHS440	fungi_OG
3Q3KZ|Fungi	309	457.1186000130316	L	chitin biosynthesis protein	MHS440	fungi_OG
3Q3M1|Fungi	205	995.2380952380952	J	ubiquitin-60s ribosomal protein l40	MHS440	fungi_OG
3Q3MF|Fungi	44	134.9072116513977	D	to Saccharomyces cerevisiae WSS1 (YHR134W)	MHS440	fungi_OG
3Q3MI|Fungi	766	685.2853188103454	UY	Nuclear pore complex protein	MHS440	fungi_OG
3Q3NA|Fungi	199	221.85061315496097	U	Component of the ERMES MDM complex, which serves as a molecular tether to connect the endoplasmic reticulum and mitochondria. Components of this complex are involved in the control of mitochondrial shape and protein biogenesis and may function in phospholipid exchange. mdm12 is required for the interaction of the ER-resident membrane protein mmm1 and the outer mitochondrial membrane-resident beta-barrel protein mdm10. The mdm12-mmm1 subcomplex functions in the major beta-barrel assembly pathway that is responsible for biogenesis of all mitochondrial outer membrane beta-barrel proteins, and acts in a late step after the SAM complex. The mdm10-mdm12-mmm1 subcomplex further acts in the tom40-specific pathway after the action of the mdm12-mmm1 complex. Essential for establishing and maintaining the structure of mitochondria and maintenance of mtDNA nucleoids	MHS440	fungi_OG
3Q3ND|Fungi	87	491.52542372881356	S	Component of the MICOS complex, a large protein complex of the mitochondrial inner membrane that plays crucial roles in the maintenance of crista junctions, inner membrane architecture, and formation of contact sites to the outer membrane	MHS440	fungi_OG
3Q3NH|Fungi	8	29.304029304029303	I	Acyltransferase	MHS440	fungi_OG
3Q3P7|Fungi	17	10.96067053513862	S	tuberous sclerosis	MHS440	fungi_OG
3Q3Q0|Fungi	126	285.3296420359239	S	calcineurin temperature suppressor cts1	MHS440	fungi_OG
3Q3RS|Fungi	176	341.4965986394558	A	RNA recognition motif	MHS440	fungi_OG
3Q3SM|Fungi	218	317.8995638944259	S	Belongs to the cytochrome b5 family	MHS440	fungi_OG
3Q3ST|Fungi	550	445.31814785332347	BK	bromo domain	MHS440	fungi_OG
3Q3SW|Fungi	2302	1464.8245708346772	S	Cyclin	MHS440	fungi_OG
3Q3SX|Fungi	1185	1802.0924371395402	S	NA	MHS440	fungi_OG
3Q3TI|Fungi	64	52.805280528052805	A	The RING-variant domain is a C4HC3 zinc-finger like motif found in a number of cellular and viral proteins. Some of these proteins have been shown both in vivo and in vitro to have ubiquitin E3 ligase activity.	MHS440	fungi_OG
3Q3UX|Fungi	450	442.47787610619474	S	NA	MHS440	fungi_OG
3Q3UZ|Fungi	2581	2880.032193143458	I	acyl-CoA dehydrogenase	MHS440	fungi_OG
3Q3WV|Fungi	162	544.8717948717948	S	Chromosome segregation protein	MHS440	fungi_OG
3Q3XG|Fungi	209	309.6296296296296	S	NA	MHS440	fungi_OG
3Q3XH|Fungi	722	447.75930869708725	T	Protein tyrosine phosphatase, catalytic domain	MHS440	fungi_OG
3Q3YG|Fungi	919	727.6403934635458	U	integral membrane protein	MHS440	fungi_OG
3Q3ZN|Fungi	285	692.6414243858463	O	PPIases accelerate the folding of proteins. It catalyzes the cis-trans isomerization of proline imidic peptide bonds in oligopeptides	MHS440	fungi_OG
3Q40A|Fungi	14	44.87179487179487	G	glycoside hydrolase family 16 protein	MHS440	fungi_OG
3Q415|Fungi	3	10.638297872340427	I	Belongs to the histidine acid phosphatase family	MHS440	fungi_OG
3Q42U|Fungi	305	305.96512420103153	S	Chromatin assembly factor 1 subunit A	MHS440	fungi_OG
3Q434|Fungi	17	50.14749262536873	A	RNA recognition motif	MHS440	fungi_OG
3Q44N|Fungi	8	27.734170591313447	EI	Acyl-CoA dehydrogenase, C-terminal domain	MHS440	fungi_OG
3Q454|Fungi	323	301.14165018183877	TZ	Leucine Rich Repeat	MHS440	fungi_OG
3Q46C|Fungi	13	48.31082359172247	S	Filamentation protein	MHS440	fungi_OG
3Q47A|Fungi	458	219.71114239155477	K	complex. Subunit	MHS440	fungi_OG
3Q47W|Fungi	307	276.8276190097839	T	Leucine rich repeat	MHS440	fungi_OG
3Q48C|Fungi	7	20.114942528735632	U	Component of the ERMES MDM complex, which serves as a molecular tether to connect the endoplasmic reticulum and mitochondria. Components of this complex are involved in the control of mitochondrial shape and protein biogenesis and may function in phospholipid exchange. mdm12 is required for the interaction of the ER-resident membrane protein mmm1 and the outer mitochondrial membrane-resident beta-barrel protein mdm10. The mdm12-mmm1 subcomplex functions in the major beta-barrel assembly pathway that is responsible for biogenesis of all mitochondrial outer membrane beta-barrel proteins, and acts in a late step after the SAM complex. The mdm10-mdm12-mmm1 subcomplex further acts in the tom40-specific pathway after the action of the mdm12-mmm1 complex. Essential for establishing and maintaining the structure of mitochondria and maintenance of mtDNA nucleoids	MHS440	fungi_OG
3Q48T|Fungi	3	10.526315789473685	S	phd finger domain protein	MHS440	fungi_OG
3Q49I|Fungi	83	108.9238845144357	G	phosphoglycerate mutase family protein	MHS440	fungi_OG
3Q4B7|Fungi	34	23.90998593530239	S	Nacht domain protein	MHS440	fungi_OG
3Q4CQ|Fungi	823	1057.8047914921988	S	PWWP domain	MHS440	fungi_OG
3Q4DJ|Fungi	144	67.13286713286713	S	RhoGEF domain	MHS440	fungi_OG
3Q4G2|Fungi	78	342.2222222222223	S	Pyridoxamine 5'-phosphate oxidase	MHS440	fungi_OG
3Q4KJ|Fungi	226	196.18055555555557	S	NA	MHS440	fungi_OG
3Q4MC|Fungi	995	1580.486107228987	S	Bin/amphiphysin/Rvs domain for vesicular trafficking	MHS440	fungi_OG
3Q4ND|Fungi	1093	992.4206787125473	C	mitochondrial	MHS440	fungi_OG
3Q4NQ|Fungi	17	26.356589147286822	I	Belongs to the DHHC palmitoyltransferase family	MHS440	fungi_OG
3Q4QK|Fungi	268	430.8731571500296	I	Secretory lipase	MHS440	fungi_OG
3Q4SI|Fungi	407	322.77569824359347	S	PrpF protein	MHS440	fungi_OG
3Q4V8|Fungi	266	157.21040189125296	S	NA	MHS440	fungi_OG
3Q4ZJ|Fungi	362	457.8026115517103	S	Inositolphosphorylceramide synthase subunit Kei1	MHS440	fungi_OG
3Q4ZN|Fungi	892	522.2153505346813	A	Large family of predicted nucleotide-binding domains	MHS440	fungi_OG
3Q4ZR|Fungi	652	1006.8444894070235	S	Chalcone isomerase like	MHS440	fungi_OG
3Q4ZT|Fungi	10	21.09704641350211	K	Specific transcriptional repressor	MHS440	fungi_OG
3Q4ZU|Fungi	390	279.52792928343047	UY	negative regulation of RNA export from nucleus	MHS440	fungi_OG
3Q4ZW|Fungi	174	311.8279569892473	O	Ring finger domain	MHS440	fungi_OG
3Q4ZX|Fungi	260	150.7161164673961	S	NA	MHS440	fungi_OG
3Q500|Fungi	434	283.2560102073048	U	Inositol polyphosphate phosphatase, catalytic domain homologues	MHS440	fungi_OG
3Q501|Fungi	498	325.92401631065917	S	NA	MHS440	fungi_OG
3Q502|Fungi	184	224.0006205317273	S	Mediates the reversible addition of palmitate to target proteins, thereby regulating their membrane association and biological function	MHS440	fungi_OG
3Q505|Fungi	157	118.40120663650075	S	PPR repeat family	MHS440	fungi_OG
3Q506|Fungi	415	226.06054483204554	S	bromo domain	MHS440	fungi_OG
3Q50J|Fungi	50	110.87138918854129	O	Zinc finger, C3HC4 type (RING finger)	MHS440	fungi_OG
3Q50S|Fungi	1068	661.2297628558707	U	Sec7 domain	MHS440	fungi_OG
3Q50U|Fungi	103	79.29176289453426	A	DEAD/DEAH box helicase	MHS440	fungi_OG
3Q50Z|Fungi	1	4.166666666666667	T	RhoGEF domain	MHS440	fungi_OG
3Q512|Fungi	74	67.57990867579909	S	pali-domain-containing protein	MHS440	fungi_OG
3Q513|Fungi	29	69.54436450839329	S	Diacylglycerol kinase catalytic domain	MHS440	fungi_OG
3Q515|Fungi	1690	2336.2472306608192	J	Ribosomal prokaryotic L21 protein	MHS440	fungi_OG
3Q51A|Fungi	1606	857.2803417312333	S	Nucleoporin subcomplex protein binding to Pom34	MHS440	fungi_OG
3Q51D|Fungi	3858	1501.8464888337617	T	Sterile alpha motif.	MHS440	fungi_OG
3Q51E|Fungi	48	136.55394524959743	D	Protein tyrosine kinase	MHS440	fungi_OG
3Q51F|Fungi	316	110.41229909154437	K	Component of the SRB8-11 complex. The SRB8-11 complex is a regulatory module of the Mediator complex which is itself involved in regulation of basal and activated RNA polymerase II- dependent transcription. The SRB8-11 complex may be involved in the transcriptional repression of a subset of genes regulated by Mediator. It may inhibit the association of the Mediator complex with RNA polymerase II to form the holoenzyme complex	MHS440	fungi_OG
3Q51G|Fungi	469	172.17327459618207	I	Secretory pathway protein Sec39	MHS440	fungi_OG
3Q51P|Fungi	367	363.3107792356092	T	nek protein kinase	MHS440	fungi_OG
3Q51S|Fungi	656	281.5365935570539	I	FAD-binding domain	MHS440	fungi_OG
3Q522|Fungi	10	23.720001856751612	D	Muniscin C-terminal mu homology domain	MHS440	fungi_OG
3Q52G|Fungi	12	33.057851239669425	Z	CAP_GLY	MHS440	fungi_OG
3Q52H|Fungi	716	671.3616002666599	MW	Four repeated domains in the Fasciclin I family of proteins, present in many other contexts.	MHS440	fungi_OG
3Q534|Fungi	618	904.2974924620928	V	Dual specificity phosphatase, catalytic domain	MHS440	fungi_OG
3Q53B|Fungi	343	732.8785537203387	B	Domain in histone families 1 and 5	MHS440	fungi_OG
3Q53G|Fungi	865	823.9613100067121	J	Initiation factor	MHS440	fungi_OG
3Q53I|Fungi	163	477.496062992126	F	Sulfatase-modifying factor enzyme 1	MHS440	fungi_OG
3Q53K|Fungi	30	68.96551724137932	Q	short chain dehydrogenase	MHS440	fungi_OG
3Q53R|Fungi	3173	5390.942208447889	S	NA	MHS440	fungi_OG
3Q53S|Fungi	57	61.207331427610555	K	Ustilago B locus mating-type protein	MHS440	fungi_OG
3Q53T|Fungi	592	450.22458194147856	T	GTPase-activator protein for Rho-like GTPases	MHS440	fungi_OG
3Q53W|Fungi	276	190.56809765277677	S	endonuclease activity	MHS440	fungi_OG
3Q53Y|Fungi	447	1406.278873582933	C	Cytochrome b5-like Heme/Steroid binding domain	MHS440	fungi_OG
3Q540|Fungi	34	75.0551876379691	T	Leucine-rich repeats, typical (most populated) subfamily	MHS440	fungi_OG
3Q543|Fungi	34	46.83195592286501	S	NA	MHS440	fungi_OG
3Q546|Fungi	10	18.416206261510126	B	PHD zinc finger	MHS440	fungi_OG
3Q54A|Fungi	330	494.9505204706135	S	Aldo/keto reductase family	MHS440	fungi_OG
3Q54C|Fungi	168	64.59054209919262	S	Mediator complex subunit Med5	MHS440	fungi_OG
3Q54D|Fungi	140	187.53257699260297	S	S-adenosyl-L-methionine-dependent protein methyltransferase that trimethylates the N-terminal glycine 'Gly- 2' of elongation factor 1-alpha, before also catalyzing the mono- and dimethylation of 'Lys-3'	MHS440	fungi_OG
3Q54E|Fungi	461	646.8965719463305	H	Belongs to the class I-like SAM-binding methyltransferase superfamily. rRNA adenine N(6)-methyltransferase family	MHS440	fungi_OG
3Q54H|Fungi	359	222.09509552323925	TU	GDP dissociation inhibitor	MHS440	fungi_OG
3Q54I|Fungi	3822	4034.1729300445368	S	NA	MHS440	fungi_OG
3Q54M|Fungi	316	246.55855929100628	I	carboxylic ester hydrolase activity	MHS440	fungi_OG
3Q54N|Fungi	453	544.4233394418134	EH	Indoleamine 2,3-dioxygenase	MHS440	fungi_OG
3Q54S|Fungi	54	101.24629561969715	L	Bifunctional DNA N-glycosylase with associated apurinic apyrimidinic (AP) lyase function that catalyzes the first step in base excision repair (BER), the primary repair pathway for the repair of oxidative DNA damage. The DNA N-glycosylase activity releases the damaged DNA base from DNA by cleaving the N- glycosidic bond, leaving an AP site. The AP lyase activity cleaves the phosphodiester bond 3' to the AP site by a beta-elimination. Primarily recognizes and repairs oxidative base damage of pyrimidines	MHS440	fungi_OG
3Q54T|Fungi	1361	310.03732615479055	S	NA	MHS440	fungi_OG
3Q54U|Fungi	3	5.847953216374269	O	Tetratricopeptide repeat	MHS440	fungi_OG
3Q550|Fungi	186	346.1295128788343	J	RF-1 domain	MHS440	fungi_OG
3Q553|Fungi	185	427.0714012982054	J	Ribosomal protein S10p/S20e	MHS440	fungi_OG
3Q554|Fungi	467	414.407205789117	G	Protein tyrosine kinase	MHS440	fungi_OG
3Q557|Fungi	717	471.95527273762065	S	Transcription initiation factor TFIID component TAF4 family	MHS440	fungi_OG
3Q558|Fungi	826	1361.0900474896307	S	Uncharacterised protein family (UPF0160)	MHS440	fungi_OG
3Q55C|Fungi	5	12.43781094527363	U	Ran-binding domain	MHS440	fungi_OG
3Q579|Fungi	29	138.73954599761052	S	Domain present in ubiquitin-regulatory proteins	MHS440	fungi_OG
3Q57E|Fungi	760	324.06566556503384	T	Guanine nucleotide exchange factor for Ras-like small GTPases	MHS440	fungi_OG
3Q58C|Fungi	1	4.504504504504505	U	NUP50 (Nucleoporin 50 kDa)	MHS440	fungi_OG
3Q5BM|Fungi	103	153.06254029658282	T	RhoGEF domain	MHS440	fungi_OG
3Q5BS|Fungi	46	91.26984126984127	S	Rubisco LSMT substrate-binding	MHS440	fungi_OG
3Q5BZ|Fungi	297	247.6060146129843	IT	Diacylglycerol kinase catalytic domain	MHS440	fungi_OG
3Q5S5|Fungi	8	18.01801801801802	Z	PH domain	MHS440	fungi_OG
3Q5TD|Fungi	23	49.91452991452991	J	Mitochondrial GTPase that mediates the disassembly of ribosomes from messenger RNA at the termination of mitochondrial protein biosynthesis. Not involved in the GTP-dependent ribosomal translocation step during translation elongation	MHS440	fungi_OG
3Q5YK|Fungi	137	132.75193798449612	S	Membrane fusion protein Use1	MHS440	fungi_OG
3Q60V|Fungi	604	495.97343191687133	O	NA	MHS440	fungi_OG
3Q640|Fungi	457	212.7369346657425	Q	short chain dehydrogenase	MHS440	fungi_OG
3Q67W|Fungi	291	284.45747800586514	S	MAGE-domain-containing protein	MHS440	fungi_OG
3Q6E5|Fungi	292	187.54014129736674	K	Homeobox KN domain	MHS440	fungi_OG
3Q6E6|Fungi	48	112.67605633802818	UY	Nuclear pore component	MHS440	fungi_OG
3Q6E7|Fungi	2	6.006006006006006	K	GTPase-activator protein for Rho-like GTPases	MHS440	fungi_OG
3Q6E8|Fungi	618	1058.7429271669005	O	AN1-like Zinc finger	MHS440	fungi_OG
3Q6EB|Fungi	741	649.9113116242131	S	Domain of unknown function in PX-proteins (DUF3818)	MHS440	fungi_OG
3Q6EI|Fungi	966	491.1758314415044	T	Steryl acetyl hydrolase	MHS440	fungi_OG
3Q6EJ|Fungi	38	194.87179487179486	U	Src homology 3 domains	MHS440	fungi_OG
3Q6EM|Fungi	164	272.1186970450593	S	Protein of unknown function (DUF3808)	MHS440	fungi_OG
3Q6ER|Fungi	41	102.89060820975715	I	Glycosyl Hydrolase Family 88	MHS440	fungi_OG
3Q6ES|Fungi	471	657.8910621771415	K	Basic region leucine zipper	MHS440	fungi_OG
3Q6ET|Fungi	109	147.95335429769392	V	Tyrosine phosphatase family	MHS440	fungi_OG
3Q6FA|Fungi	18	46.875	T	Protein tyrosine kinase	MHS440	fungi_OG
3Q6HK|Fungi	138	192.25767373915522	A	RNA recognition motif	MHS440	fungi_OG
3Q6HT|Fungi	194	119.64680801512014	S	NA	MHS440	fungi_OG
3Q6XA|Fungi	104	199.3154228537293	T	rhomboid-domain-containing protein	MHS440	fungi_OG
3Q6Y5|Fungi	221	239.17748917748918	K	snRNA-activating protein of 50kDa MW C terminal	MHS440	fungi_OG
3Q6YH|Fungi	882	2085.1063829787236	S	Belongs to the complex I LYR family	MHS440	fungi_OG
