6064998	173824	 Staphylococcus
2545	29	 Jeotgalicoccus
2126	30	 Mammaliicoccus
1034	450	 Macrococcus
417	0	 Salinicoccus
51	0	 Nosocomiicoccus
39	0	 Abyssicoccus
7632	2454	 Bacillus
304	77	 Priestia
163	53	 Geobacillus
88	15	 Virgibacillus
85	7	 Alkalihalobacillus
75	0	 Hydrogenibacillus
69	6	 Salicibibacter
69	19	 Lysinibacillus
55	6	 Cytobacillus
46	4	 Oceanobacillus
43	10	 Anoxybacillus
39	0	 Weizmannia
30	0	 Peribacillus
29	0	 Gracilibacillus
29	0	 Halobacillus
28	0	 Neobacillus
28	0	 Caldalkalibacillus
27	2	 Fictibacillus
26	2	 Terribacillus
25	0	 Sutcliffiella
25	0	 Mesobacillus
25	0	 Salimicrobium
20	0	 Rossellomorea
20	0	 Lentibacillus
19	0	 Heyndrickxia
18	0	 Metabacillus
16	1	 Parageobacillus
16	0	 Pontibacillus
14	0	 Psychrobacillus
13	0	 Niallia
11	0	 Sediminibacillus
11	0	 Evansella
11	0	 Lederbergia
10	0	 Paraliobacillus
9	0	 Radiobacillus
8	0	 Anaerobacillus
7	0	 Amphibacillus
7	0	 Marinococcus
5	0	 Caldibacillus
5	0	 Pradoshia
2	0	 Aeribacillus
8301	276	 Listeria
5	0	 Brochothrix
1682	180	 Paenibacillus
149	13	 Brevibacillus
141	1	 Cohnella
79	0	 Thermobacillus
78	14	 Aneurinibacillus
67	0	 Saccharibacillus
945	24	 Exiguobacterium
877	16	 Gemella
101	16	 Planococcus
89	10	 Sporosarcina
34	0	 Solibacillus
11	0	 Paenisporosarcina
5	0	 Jeotgalibacillus
4	0	 Kurthia
4	0	 Ureibacillus
3	0	 Viridibacillus
76	1	 Alicyclobacillus
76	2	 Tumebacillus
28	6	 Kyrpidia
6	0	 Effusibacillus
26	0	 Polycladomyces
26	0	 Staphylospora
25	0	 Kroppenstedtia
24	0	 Thermoactinomyces
17	0	 Laceyella
13	0	 Novibacillus
13	0	 Sporolactobacillus
9169	897	 Streptococcus
89	15	 Lactococcus
2305	160	 Aerococcus
265	0	 Abiotrophia
8	0	 Suicoccus
1866	36	 Enterococcus
38	6	 Vagococcus
36	4	 Tetragenococcus
956	58	 Lactobacillus
132	2	 Limosilactobacillus
61	8	 Weissella
59	2	 Ligilactobacillus
55	0	 Levilactobacillus
54	8	 Lacticaseibacillus
46	16	 Leuconostoc
39	6	 Lactiplantibacillus
22	3	 Pediococcus
22	0	 Liquorilactobacillus
21	3	 Oenococcus
19	1	 Latilactobacillus
16	0	 Schleiferilactobacillus
15	0	 Companilactobacillus
15	0	 Paucilactobacillus
14	1	 Lentilactobacillus
11	4	 Loigolactobacillus
11	0	 Acetilactobacillus
10	2	 Apilactobacillus
10	0	 Secundilactobacillus
9	0	 Furfurilactobacillus
7	0	 Amylolactobacillus
5	0	 Fructilactobacillus
4	0	 Bombilactobacillus
1	0	 Lapidilactobacillus
250	0	 Dolosigranulum
191	0	 Granulicatella
31	2	 Carnobacterium
26	4	 Jeotgalibaca
13	0	 Marinilactibacillus
138	0	 Faecalibacterium
88	1	 Oscillibacter
45	0	 Flavonifractor
39	0	 Dysosmobacter
39	0	 Ruthenibacterium
33	0	 Caproiciproducens
22	0	 Ruminococcus
18	0	 Ethanoligenens
11	0	 Acutalibacter
10	0	 Acetivibrio
8	0	 Mageeibacillus
7	0	 Thermoclostridium
7	0	 Caproicibacterium
6	0	 Ruminiclostridium
5	0	 Solibaculum
2	0	 Monoglobus
2	0	 Fastidiosipila
1	0	 Pseudoclostridium
370	58	 Clostridium
15	0	 Alkaliphilus
13	0	 Geosporobacter
13	0	 Crassaminicella
9	0	 Hungatella
9	0	 Serpentinicella
7	0	 Candidatus Arthromitus
4	0	 Sarcina
4	0	 Caloramator
308	13	 Thermaerobacter
58	0	 Intestinimonas
23	0	 Aminipila
18	0	 Mogibacterium
21	0	 Flintibacter
8	0	 Massilistercora
7	0	 Carboxydocella
36	0	 Blautia
32	0	 Anaerocolumna
32	2	 Lachnoclostridium
17	0	 Lacrimispora
16	0	 Enterocloster
11	0	 Anaerostipes
10	0	 Coprococcus
10	0	 Anaerobutyricum
9	0	 Roseburia
7	0	 Lachnoanaerobaculum
4	0	 Pseudobutyrivibrio
4	0	 Anaerotignum
4	0	 Butyrivibrio
3	1	 Cellulosilyticum
3	0	 Faecalicatena
3	0	 Mediterraneibacter
1	0	 Herbinix
26	0	 Candidatus Desulforudis
24	0	 Desulfotomaculum
21	2	 Desulfosporosinus
18	1	 Desulfitobacterium
11	0	 Thermoanaerosceptrum
6	0	 Dehalobacterium
6	4	 Dehalobacter
5	0	 Candidatus Formimonas
3	0	 Desulfofarcimen
2	0	 Syntrophobotulus
115	0	 Symbiobacterium
45	0	 Clostridioides
7	0	 Paraclostridium
4	0	 Peptoclostridium
4	0	 Peptacetobacter
3	0	 Romboutsia
3	0	 Paeniclostridium
2	0	 Filifactor
2	0	 Acetoanaerobium
48	0	 Heliomicrobium
4	0	 Heliorestis
39	0	 Christensenella
24	9	 Eubacterium
7	0	 Acetobacterium
5	0	 Alkalibacter
12	0	 Syntrophomonas
6	0	 Syntrophothermus
13	0	 Vallitalea
4	0	 Petrocella
10	0	 Desulfoscipio
9	0	 Alkalicella
4	0	 Caloranaerobacter
43	6	 Moorella
27	0	 Ammonifex
35	0	 Gelria
8	4	 Thermoanaerobacter
8	0	 Thermacetogenium
4	0	 Caldanaerobacter
3	0	 Thermanaeromonas
2	0	 Carboxydothermus
12	4	 Caldicellulosiruptor
6	1	 Thermoanaerobacterium
3	0	 Mahella
1	1	 Thermodesulfobium
6	0	 Halanaerobium
5	0	 Halothermothrix
1	0	 Halocella
5	0	 Anoxybacter
2	0	 Acetohalobium
2	0	 Halobacteroides
7	0	 Biomaibacter
3	0	 Tepidanaerobacter
1	0	 Natranaerobius
1	0	 Koleobacter
953	0	 Finegoldia
174	1	 Peptoniphilus
119	23	 Anaerococcus
41	0	 Helcococcus
17	0	 Parvimonas
6	0	 Murdochiella
11	0	 Tissierella
7	0	 Gudongella
4	0	 Keratinibaculum
2	0	 Schnuerera
3	0	 Gottschalkia
8	0	 Ezakiella
2	0	 Sedimentibacter
428	12	 Veillonella
51	4	 Megasphaera
16	14	 Dialister
138	5	 Selenomonas
4	0	 Megamonas
2	0	 Pectinatus
12	0	 Pelosinus
9	0	 Methylomusa
5	0	 Sporomusa
19	0	 Acidaminococcus
6	0	 Phascolarctobacterium
13	0	 Erysipelothrix
6	0	 Erysipelatoclostridium
6	0	 Faecalibacillus
5	0	 Intestinibaculum
4	0	 Faecalibaculum
2	0	 Longicatena
1	0	 Bulleidia
1	0	 Amedibacterium
23	23	 Turicibacter
70	0	 Limnochorda
4	0	 Ndongobacter
4147122	75174	 Corynebacterium
48889	6648	 Mycolicibacterium
34358	4717	 Mycobacterium
1943	173	 Mycobacteroides
1829	62	 Mycolicibacter
203	0	 Hoyosella
31206	4629	 Rhodococcus
13470	1568	 Nocardia
15451	2589	 Gordonia
855	0	 Skermania
8868	534	 Dietzia
2991	490	 Tsukamurella
2447	0	 Lawsonella
923	0	 Tomitella
172	0	 Segniliparus
235556	47712	 Micrococcus
29966	2685	 Kocuria
14231	638	 Arthrobacter
6254	717	 Rothia
2247	385	 Glutamicibacter
2201	185	 Pseudarthrobacter
2188	0	 Nesterenkonia
1497	0	 Citricoccus
1264	55	 Sinomonas
516	30	 Paenarthrobacter
439	0	 Auritidibacter
240	0	 Paeniglutamicibacter
229	0	 Zhihengliuella
206	0	 Psychromicrobium
201	0	 Neomicrococcus
74	0	 Renibacterium
196317	28421	 Janibacter
5545	163	 Phycicoccus
3117	0	 Pedococcus
2466	0	 Arsenicicoccus
2408	0	 Intrasporangium
2283	0	 Tetrasphaera
26810	3576	 Microbacterium
4549	260	 Agrococcus
3643	224	 Curtobacterium
3577	194	 Agromyces
3126	505	 Rathayibacter
2720	175	 Leucobacter
2460	56	 Leifsonia
1560	148	 Clavibacter
1152	31	 Protaetiibacter
1125	250	 Cryobacterium
983	7	 Salinibacterium
650	0	 Humibacter
644	0	 Frondihabitans
602	0	 Microterricola
527	132	 Plantibacter
503	0	 Herbiconiux
406	0	 Frigoribacterium
406	218	 Chryseoglobus
384	1	 Mycetocola
356	0	 Gryllotalpicola
279	0	 Diaminobutyricimonas
278	0	 Marisediminicola
260	0	 Microcella
221	0	 Glaciihabitans
202	0	 Agreia
165	0	 Subtercola
136	0	 Cnuibacter
85	7	 Aurantimicrobium
49	8	 Rhodoluna
23	2	 Aquiluna
40	0	 Pontimonas
25940	366	 Dermacoccus
18373	0	 Yimella
6435	0	 Luteipulveratus
35420	0	 Kytococcus
30557	4393	 Brevibacterium
15603	900	 Ornithinimicrobium
13469	1353	 Serinicoccus
21743	2081	 Brachybacterium
1946	107	 Dermabacter
131	0	 Devriesea
8199	505	 Cellulomonas
685	0	 Pseudactinotalea
507	0	 Actinotalea
447	0	 Oerskovia
378	0	 Paraoerskovia
2621	956	 Cellulosimicrobium
1270	29	 Isoptericola
1161	9	 Xylanimonas
562	0	 Xylanimicrobium
2105	21	 Georgenia
2019	14	 Ruania
1006	0	 Miniimonas
654	0	 Beutenbergia
717	0	 Mobilicoccus
473	0	 Austwickia
151	0	 Dermatophilus
885	4	 Sanguibacter
580	0	 Luteimicrobium
39	0	 Jonesia
1	0	 Tropheryma
77730	5659	 Nocardioides
6482	0	 Micropruina
4945	320	 Aeromicrobium
1461	0	 Marmoricola
1394	0	 Friedmanniella
1100	0	 Pimelobacter
680	0	 Mumia
40485	391	 Cutibacterium
6912	175	 Microlunatus
6327	915	 Tessaracoccus
2400	52	 Brevilactibacter
1843	178	 Acidipropionibacterium
1751	68	 Propionibacterium
1534	0	 Auraticoccus
760	15	 Arachnia
700	0	 Raineyella
14	0	 Propionimicrobium
1928	93	 Kribbella
677	0	 Actinopolymorpha
91884	21213	 Streptomyces
1764	131	 Kitasatospora
1446	10	 Streptacidiphilus
21651	1534	 Pseudonocardia
12231	1521	 Amycolatopsis
3471	641	 Saccharopolyspora
3182	134	 Saccharothrix
2369	226	 Saccharomonospora
1996	42	 Kutzneria
1436	557	 Actinoalloteichus
1072	750	 Actinosynnema
1017	0	 Lentzea
952	0	 Alloactinosynnema
944	0	 Kibdelosporangium
896	0	 Allokutzneria
486	0	 Prauserella
13035	2353	 Micromonospora
6234	500	 Actinoplanes
1559	96	 Phytohabitans
1352	123	 Actinocatenispora
1338	0	 Plantactinospora
986	0	 Dactylosporangium
825	0	 Catellatospora
638	0	 Polymorphospora
312	0	 Verrucosispora
261	0	 Salinispora
3298	308	 Nonomuraea
1215	63	 Streptosporangium
462	0	 Thermobispora
3329	103	 Actinomadura
1099	35	 Thermomonospora
2116	322	 Nocardiopsis
459	0	 Streptomonospora
263	0	 Thermobifida
3289	0	 Blastococcus
2974	0	 Geodermatophilus
2558	0	 Modestobacter
6282	844	 Actinomyces
774	7	 Schaalia
454	7	 Flaviflexus
247	7	 Trueperella
202	3	 Arcanobacterium
119	0	 Pauljensenia
109	0	 Winkia
69	0	 Mobiluncus
38	0	 Actinotignum
32	0	 Actinobaculum
16	0	 Boudabousia
5	0	 Fannyhessea
4871	0	 Epidermidibacterium
2741	324	 Frankia
2331	40	 Nakamurella
2049	230	 Jiangella
1510	268	 Bifidobacterium
29	4	 Gardnerella
15	0	 Parascardovia
7	0	 Scardovia
738	0	 Catenulispora
690	0	 Kineococcus
421	0	 Stackebrandtia
97	0	 Natronoglycomyces
343	0	 Actinopolyspora
339	0	 Jatrophihabitans
129	0	 Acidothermus
39	6	 Candidatus Planktophila
8	1	 Candidatus Nanopelagicus
1885	0	 Iamia
1564	0	 Aquihabitans
1136	0	 Actinomarinicola
485	0	 Ilumatobacter
70	0	 Acidimicrobium
1312	16	 Conexibacter
911	21	 Miltoncostaea
1392	35	 Rubrobacter
545	0	 Baekduia
145	18	 Eggerthella
108	32	 Gordonibacter
97	0	 Arabia
38	5	 Adlercreutzia
28	0	 Slackia
22	0	 Berryella
17	0	 Denitrobacterium
4	0	 Phoenicibacter
213	5	 Olsenella
67	2	 Parolsenella
34	0	 Parafannyhessea
16	0	 Atopobium
11	0	 Lancefieldella
76	0	 Collinsella
18	0	 Coriobacterium
327	0	 Euzebya
299	0	 Egicoccus
215	0	 Egibacter
12026	772	 Deinococcus
239	39	 Thermus
126	12	 Meiothermus
119	0	 Oceanithermus
53	0	 Marinithermus
130	0	 Truepera
869	18	 Synechococcus
1	0	 Dactylococcopsis
195	0	 Cyanobium
9	2	 Prochlorococcus
9	0	 Synechocystis
7	0	 Chamaesiphon
6	0	 Acaryochloris
876	0	 Leptolyngbya
10	0	 Kovacikia
33	0	 Pseudanabaena
19	0	 Thermoleptolyngbya
15	1	 Thermosynechococcus
13	0	 Halomicronema
265	26	 Nostoc
17	3	 Anabaena
15	0	 Cylindrospermum
11	0	 Trichormus
8	0	 Richelia
304	10	 Calothrix
84	0	 Scytonema
18	0	 Brasilonema
11	0	 Anabaenopsis
7	1	 Dolichospermum
4	0	 Nodularia
3	1	 Sphaerospermopsis
1	0	 Raphidiopsis
22	0	 Fischerella
8	0	 Microchaete
8	0	 Rivularia
10	0	 Tolypothrix
483	0	 Chroococcidiopsis
37	0	 Moorea
33	0	 Oscillatoria
19	4	 Planktothrix
13	0	 Microcoleus
12	0	 Oxynema
10	10	 Arthrospira
46	0	 Geitlerinema
11	0	 Koinonema
7	0	 Crinalium
39	9	 Microcystis
13	0	 Gloeothece
4	0	 Euhalothece
3	0	 Halothece
7	0	 Rippkaea
4	0	 Candidatus Atelocyanobacterium
1	0	 Crocosphaera
22	0	 Gloeocapsa
7	0	 Geminocystis
2	0	 Chondrocystis
6	0	 Cyanobacterium
153	4	 Gloeobacter
10	0	 Anthocerotibacter
11	0	 Stanieria
11	0	 Pleurocapsa
4	0	 Gloeomargarita
132	0	 Sphaerobacter
43	0	 Thermomicrobium
162	0	 Candidatus Promineofilum
113	4	 Roseiflexus
43	0	 Chloroflexus
92	0	 Tepidiforma
69	0	 Caldilinea
28	0	 Anaerolinea
26	0	 Pelolinea
10	0	 Brevefilum
18	0	 Dehalogenimonas
12	4	 Dehalococcoides
25	0	 Thermobaculum
19	0	 Ktedonosporobacter
97	5	 Mycoplasma
10	0	 Mycoplasmopsis
7	1	 Ureaplasma
7	0	 Candidatus Hepatoplasma
47	4	 Spiroplasma
2	2	 Mesoplasma
1	0	 Entomoplasma
10	0	 Acholeplasma
6	3	 Candidatus Phytoplasma
5	0	 Candidatus Izimaplasma
41	0	 Fimbriimonas
9	0	 Chthonomonas
244782	25213	 Paracoccus
9545	145	 Rhodobacter
6146	0	 Cereibacter
3217	401	 Rhodovulum
2226	0	 Defluviimonas
1746	286	 Thioclava
1690	0	 Paraoceanicella
1417	0	 Pontivivens
1266	0	 Silicimonas
1249	0	 Haematobacter
1138	0	 Pikeienuella
1009	0	 Polymorphum
952	0	 Pukyongiella
949	0	 Pelagovum
850	0	 Brevirhabdus
849	0	 Falsirhodobacter
745	0	 Tabrizicola
684	0	 Gemmobacter
578	0	 Roseicitreum
559	0	 Pacificitalea
533	0	 Pseudooceanicola
512	0	 Monaibacterium
509	0	 Pseudopuniceibacterium
400	0	 Yoonia
348	0	 Qingshengfaniella
324	0	 Pseudorhodobacter
309	0	 Boseongicola
273	0	 Rhodobaca
247	0	 Pseudohalocynthiibacter
198	0	 Profundibacter
145	0	 Cognatishimia
123	0	 Parasedimentitalea
100	0	 Halocynthiibacter
89	0	 Aestuarium
81	0	 Marivivens
69	0	 Planktomarina
4262	251	 Salipiger
3910	309	 Sulfitobacter
3684	317	 Roseovarius
2197	21	 Celeribacter
1522	271	 Phaeobacter
1379	109	 Leisingera
1299	0	 Roseivivax
1171	3	 Ruegeria
1131	0	 Sagittula
916	0	 Marinovum
850	0	 Jannaschia
782	0	 Mameliella
732	0	 Actibacterium
726	0	 Dinoroseobacter
613	9	 Ketogulonicigenium
569	0	 Roseibacterium
561	13	 Octadecabacter
506	42	 Roseobacter
418	0	 Oceanicola
414	0	 Epibacterium
370	0	 Antarctobacter
352	0	 Maribius
323	0	 Thalassococcus
313	0	 Tateyamaria
233	0	 Thalassobius
41043	5918	 Mesorhizobium
3450	1152	 Aminobacter
1885	38	 Nitratireductor
631	6	 Hoeflea
580	3	 Phyllobacterium
495	0	 Roseitalea
482	0	 Oricola
209	0	 Salaquimonas
25	0	 Lentilitoribacter
45218	519	 Bosea
18565	4396	 Rhizobium
5354	651	 Agrobacterium
1766	31	 Neorhizobium
685	63	 Pseudorhizobium
5288	696	 Sinorhizobium
3678	318	 Ensifer
3048	0	 Shinella
533	0	 Ciceribacter
431	0	 Georhizobium
170	0	 Peteryoungia
19	2	 Liberibacter
25017	6438	 Bradyrhizobium
2689	18	 Rhodopseudomonas
862	10	 Tardiphaga
774	1	 Afipia
743	21	 Nitrobacter
665	0	 Variibacter
14055	3609	 Methylobacterium
5407	358	 Microvirga
2330	379	 Methylorubrum
14541	0	 Labrys
1655	29	 Starkeya
1166	15	 Pseudolabrys
1151	11	 Ancylobacter
930	0	 Xanthobacter
599	0	 Azorhizobium
4359	55	 Aureimonas
2209	289	 Martelella
3767	71	 Devosia
385	0	 Youhaiella
305	0	 Paradevosia
209	0	 Pelagibacterium
49	0	 Maritalea
1721	67	 Hyphomicrobium
699	0	 Rhodoplanes
671	22	 Caenibius
520	0	 Aquabacter
399	44	 Methyloceanibacter
275	0	 Rhodomicrobium
233	0	 Methyloligella
135	0	 Filomicrobium
1584	0	 Pannonibacter
1241	239	 Labrenzia
1111	8	 Stappia
132	25	 Pseudovibrio
2516	91	 Phreatobacter
1523	425	 Brucella
454	0	 Ochrobactrum
275	0	 Pseudochrobactrum
1515	129	 Methylocystis
831	28	 Methylosinus
1165	0	 Nordella
544	0	 Pseudorhodoplanes
433	0	 Terrihabitans
3	0	 Candidatus Hodgkinia
1655	420	 Chelatococcus
623	0	 Kaustia
291	0	 Parvibaculum
179	0	 Pyruvatibacter
97	0	 Candidatus Phaeomarinobacter
546	6	 Methylocella
479	7	 Methylovirgula
137	0	 Beijerinckia
1088	21	 Blastochloris
884	0	 Kaistia
693	0	 Hartmannibacter
617	0	 Breoghania
332	0	 Lichenihabitans
214	40	 Bartonella
149	0	 Cohaesibacter
37132	3381	 Sphingomonas
16300	2460	 Sphingopyxis
12602	2534	 Sphingobium
6320	379	 Novosphingobium
1456	7	 Sphingorhabdus
1104	0	 Sphingosinithalassobacter
806	384	 Blastomonas
682	5	 Parasphingopyxis
608	0	 Allosphingosinicella
589	0	 Rhizorhabdus
564	10	 Parasphingorhabdus
481	0	 Citromicrobium
356	0	 Novosphingopyxis
331	0	 Aquisediminimonas
272	0	 Tardibacter
220	0	 Hankyongella
4904	187	 Erythrobacter
1757	0	 Porphyrobacter
4268	201	 Qipengyuania
1968	14	 Altererythrobacter
1885	23	 Tsuneonella
1599	21	 Croceicoccus
492	0	 Aurantiacibacter
392	0	 Pelagerythrobacter
357	0	 Croceibacterium
296	0	 Paraurantiacibacter
1312	1	 Sphingosinicella
495	0	 Polymorphobacter
329	0	 Sandaracinobacter
158	0	 Zymomonas
46289	4936	 Brevundimonas
6207	753	 Caulobacter
3512	16	 Phenylobacterium
763	0	 Terricaulis
351	0	 Asticcacaulis
19015	5515	 Roseomonas
1011	0	 Roseococcus
788	221	 Komagataeibacter
453	307	 Acidiphilium
387	61	 Acetobacter
345	0	 Gluconacetobacter
341	81	 Gluconobacter
319	0	 Lichenicola
293	0	 Acidibrevibacterium
175	0	 Granulibacter
124	0	 Neoasaia
121	0	 Asaia
111	0	 Kozakia
47	0	 Oecophyllibacter
25	0	 Swingsia
21	0	 Parasaccharibacter
19	0	 Neokomagataea
9	0	 Bombella
5	0	 Commensalibacter
2	0	 Entomobacter
10618	558	 Skermanella
6406	1744	 Azospirillum
466	0	 Niveispirillum
429	0	 Indioceanicola
426	0	 Nitrospirillum
1001	74	 Magnetospirillum
970	67	 Hypericibacter
738	1	 Rhodospirillum
597	0	 Tistrella
455	0	 Ferrovibrio
387	0	 Defluviicoccus
159	0	 Pararhodospirillum
42	0	 Haematospirillum
14	0	 Candidatus Endolissoclinum
851	0	 Stella
425	0	 Elioraea
302	78	 Thalassospira
78	0	 Magnetospira
31	0	 Terasakiella
293	0	 Marinicauda
152	0	 Glycocaulis
109	0	 Maricaulis
100	0	 Hyphobacterium
394	13	 Hyphomonas
23	0	 Hirschia
118	75	 Rickettsia
5	0	 Orientia
1	0	 Candidatus Sneabacter
1	0	 Candidatus Phycorickettsia
96	9	 Wolbachia
11	0	 Ehrlichia
2	1	 Neorickettsia
2	0	 Candidatus Neoehrlichia
1	1	 Anaplasma
4	0	 Candidatus Deianiraea
1	0	 Candidatus Midichloria
166	0	 Micavibrio
72	0	 Candidatus Puniceispirillum
56	0	 Luteithermobacter
35	0	 Paremcibacter
65	0	 Parvularcula
22	4	 Candidatus Pelagibacter
4	0	 Candidatus Fonsibacter
10	0	 Candidatus Paracaedibacter
4	0	 Candidatus Cytomitobacter
1	0	 Candidatus Nesciobacter
6	0	 Candidatus Nucleicultrix
19	0	 Magnetococcus
8	0	 Kordiimonas
46194	5923	 Lysobacter
22417	6336	 Stenotrophomonas
16707	5289	 Xanthomonas
15286	785	 Luteimonas
11525	282	 Pseudoxanthomonas
9010	631	 Thermomonas
1053	0	 Arenimonas
424	0	 Pseudolysobacter
270	7	 Xylella
1815	95	 Dyella
1523	84	 Rhodanobacter
1514	0	 Dokdonella
622	14	 Luteibacter
407	0	 Aerosticca
190	0	 Ahniella
185	0	 Frateuria
128447	1994	 Vibrio
85	0	 Photobacterium
28	0	 Aliivibrio
27	4	 Salinivibrio
10	0	 Thaumasiovibrio
6	0	 Grimontia
2	0	 Paraphotobacterium
1	0	 Enterovibrio
71377	13001	 Pseudomonas
658	79	 Azotobacter
46	0	 Permianibacter
14	0	 Oblitimonas
5	0	 Entomomonas
18877	3086	 Acinetobacter
11526	25	 Moraxella
144	17	 Psychrobacter
29	0	 Aquirhabdus
37340	0	 Plesiomonas
4020	1728	 Klebsiella
2356	643	 Enterobacter
1189	69	 Leclercia
869	124	 Cronobacter
486	166	 Citrobacter
481	14	 Escherichia
478	29	 Salmonella
310	78	 Kosakonia
220	128	 Raoultella
157	7	 Pluralibacter
92	1	 Cedecea
90	1	 Phytobacter
65	34	 Kluyvera
63	0	 Lelliottia
17	0	 Candidatus Symbiopectobacterium
16	0	 Candidatus Blochmannia
8	0	 Candidatus Hamiltonella
5	0	 Candidatus Tachikawaea
4	0	 Candidatus Hoaglandella
3	0	 Candidatus Gullanella
2	0	 Candidatus Doolittlea
48	0	 Jejubacter
44	0	 Atlantibacter
34	0	 Yokenella
32	2	 Buttiauxella
23	0	 Scandinavium
18	0	 Pseudescherichia
16	0	 Candidatus Moranella
12	0	 Shimwellia
10	0	 Metakosakonia
4	0	 Candidatus Ishikawaella
4	0	 Candidatus Schneideria
3	0	 Shigella
1	0	 Candidatus Riesia
3778	237	 Pantoea
1184	19	 Mixta
410	59	 Erwinia
109	5	 Tatumella
59	0	 Buchnera
3	0	 Wigglesworthia
1411	728	 Serratia
693	71	 Rahnella
209	68	 Yersinia
90	0	 Nissabacter
44	0	 Rouxiella
42	0	 Gibbsiella
41	0	 Ewingella
40	0	 Chania
5	0	 Candidatus Fukatsuia
527	116	 Dickeya
295	86	 Pectobacterium
135	60	 Brenneria
70	15	 Lonsdalea
93	10	 Proteus
81	0	 Morganella
73	18	 Providencia
38	0	 Arsenophonus
32	1	 Xenorhabdus
16	1	 Photorhabdus
254	81	 Edwardsiella
17	6	 Hafnia
2	0	 Obesumbacterium
129	27	 Sodalis
12	0	 Leminorella
9	0	 Pragia
6	0	 Jinshanibacter
3	0	 Limnobaculum
4692	455	 Halomonas
380	0	 Salinicola
230	107	 Cobetia
218	0	 Halotalea
218	9	 Kushneria
201	0	 Chromohalobacter
101	0	 Pistricoccus
17	0	 Zymobacter
1	0	 Candidatus Carsonella
1	0	 Candidatus Portiera
517	74	 Alcanivorax
14	0	 Ketobacter
103	0	 Marinobacterium
74	5	 Marinomonas
17	0	 Neptunomonas
15	0	 Thalassolituus
15	0	 Nitrincola
14	0	 Amphritea
14	0	 Bacterioplanes
7	0	 Bermanella
70	0	 Saccharospirillum
27	0	 Reinekea
16	0	 Gynuella
79	11	 Hahella
8	0	 Spartinivicinus
56	0	 Litoricola
28	3	 Kangiella
22	0	 Oleiphilus
11	0	 Endozoicomonas
4882	2600	 Aeromonas
144	0	 Zobellella
73	0	 Oceanimonas
22	0	 Tolumonas
10	0	 Dongshaea
8	0	 Oceanisphaera
8	0	 Succinivibrio
753	74	 Thioalkalivibrio
291	4	 Acidihalobacter
177	0	 Alkalilimnicola
175	1	 Spiribacter
137	12	 Halorhodospira
133	21	 Ectothiorhodospira
120	0	 Aquisalimonas
351	0	 Thiodictyon
297	48	 Allochromatium
210	0	 Thioflavicoccus
204	0	 Marichromatium
123	0	 Thiocystis
95	0	 Rheinheimera
83	0	 Caldichromatium
76	0	 Thermochromatium
50	4	 Nitrosococcus
6	0	 Candidatus Nitrosoglobus
4	0	 Candidatus Nitrosacidococcus
323	0	 Wenzhouxiangella
228	133	 Thiohalobacter
155	0	 Sulfurivermis
115	0	 Guyparkeria
52	0	 Granulosicoccus
37	0	 Sulfuriflexus
85	2	 Halothiobacillus
62	0	 Woeseia
691	101	 Marinobacter
115	14	 Alteromonas
62	0	 Hydrocarboniclastica
25	0	 Paraglaciecola
19	0	 Lacimicrobium
17	0	 Glaciecola
17	0	 Salinimonas
14	0	 Agarivorans
13	0	 Saliniradius
10	0	 Catenovulum
918	202	 Shewanella
8	0	 Parashewanella
275	49	 Pseudoalteromonas
4	0	 Flocculibacter
2	0	 Psychrosphaera
50	7	 Idiomarina
18	0	 Colwellia
18	0	 Thalassotalea
5	0	 Cognaticolwellia
4	0	 Litorilituus
46	0	 Ferrimonas
23	4	 Moritella
5	0	 Psychromonas
2000	39	 Haemophilus
86	3	 Aggregatibacter
72	14	 Pasteurella
59	8	 Mannheimia
41	7	 Actinobacillus
12	0	 Glaesserella
11	1	 Avibacterium
9	0	 Gallibacterium
7	4	 Basfia
5	0	 Bibersteinia
3	0	 Histophilus
3	0	 Otariodibacter
2	0	 Vespertiliibacter
2	0	 Frederiksenia
1	0	 Bisgaardia
1	0	 Rodentibacter
602	32	 Methylococcus
351	88	 Methylomonas
161	0	 Methylomagnum
131	0	 Methylogaea
118	0	 Methylomicrobium
85	0	 Methylocaldum
60	0	 Candidatus Methylospira
29	4	 Methylotuvimicrobium
17	0	 Methylovulum
413	8	 Cellvibrio
63	0	 Teredinibacter
33	0	 Simiduia
17	0	 Agarilytica
10	0	 Saccharophagus
428	15	 Microbulbifer
106	0	 Halioglobus
99	0	 Kineobactrum
29	0	 Congregibacter
12	0	 Aequoribacter
50	0	 Spongiibacter
27	0	 Zhongshania
17	0	 Oceanicoccus
846	0	 Solimonas
177	0	 Sinimarinibacterium
241	0	 Steroidobacter
268	0	 Sulfurifustis
162	0	 Sulfuricaulis
82	0	 Acidiferrobacter
300	0	 Immundisolibacter
184	10	 Legionella
12	0	 Tatlockia
4	0	 Fluoribacter
36	1	 Aquicella
12	1	 Coxiella
7	2	 Rickettsiella
43	0	 Methylophaga
29	0	 Thiomicrorhabdus
16	0	 Piscirickettsia
11	1	 Thiomicrospira
8	0	 Thiosulfatimonas
5	3	 Cycloclasticus
5	0	 Thiosulfativibrio
3	0	 Hydrogenovibrio
69	19	 Thiothrix
6	0	 Beggiatoa
44	12	 Francisella
1	0	 Allofrancisella
204	0	 Salinisphaera
55	0	 Sedimenticola
40	0	 Candidatus Reidiella
30	0	 Pseudohongiella
26	0	 Gallaecimonas
25	0	 Thiolapillus
4	0	 Candidatus Vesicomyosocius
2	0	 Candidatus Ruthia
5	0	 Celerinatantimonas
4	0	 Candidatus Thioglobus
2	0	 Candidatus Pseudothioglobus
79	0	 Cardiobacterium
15	0	 Dichelobacter
22	0	 Gilliamella
2	0	 Orbus
17314	1923	 Variovorax
8615	153	 Ottowia
8146	519	 Hydrogenophaga
7691	894	 Acidovorax
5447	555	 Comamonas
2932	41	 Rhodoferax
2754	0	 Alicycliphilus
2670	92	 Diaphorobacter
2485	1380	 Delftia
1946	0	 Kinneretia
1930	0	 Ramlibacter
1512	18	 Polaromonas
1489	0	 Schlegelella
808	0	 Verminephrobacter
714	0	 Melaminivora
698	55	 Serpentinomonas
489	0	 Pulveribacter
472	0	 Hylemonella
352	0	 Simplicispira
235	0	 Limnohabitans
195	0	 Curvibacter
96	0	 Candidatus Symbiobacter
19628	3382	 Burkholderia
13352	3968	 Cupriavidus
8015	1552	 Paraburkholderia
3857	1274	 Ralstonia
3006	397	 Pandoraea
2819	0	 Lautropia
824	17	 Caballeronia
414	61	 Polynucleobacter
237	0	 Mycetohabitans
235	0	 Limnobacter
154	0	 Chitinimonas
46	23	 Mycoavidus
25	0	 Ephemeroptericola
4	0	 Candidatus Vallotia
13437	3035	 Achromobacter
7372	1397	 Bordetella
1185	1	 Pigmentiphaga
648	0	 Castellaniella
614	135	 Alcaligenes
508	0	 Orrella
248	0	 Pusillimonas
223	0	 Kerstersia
159	1	 Advenella
77	0	 Algicoccus
25	9	 Oligella
23	0	 Paenalcaligenes
5	0	 Pelistega
4	0	 Taylorella
2	0	 Basilea
3756	1093	 Methylibium
3755	0	 Mitsuaria
3091	35	 Rhizobacter
1720	0	 Rubrivivax
1371	212	 Thiomonas
1361	0	 Leptothrix
1231	0	 Sphaerotilus
964	0	 Roseateles
792	0	 Xylophilus
774	0	 Aquabacterium
722	0	 Inhella
460	0	 Tepidimonas
449	0	 Paucibacter
10618	1348	 Massilia
3045	686	 Janthinobacterium
2698	260	 Herbaspirillum
940	0	 Duganella
775	67	 Collimonas
379	0	 Noviherbaspirillum
111	2	 Undibacterium
42	0	 Herminiimonas
28	0	 Glaciimonas
16	0	 Oxalobacter
208	26	 Sutterella
12	0	 Turicimonas
3536	74	 Azoarcus
2670	236	 Thauera
1085	119	 Aromatoleum
1083	202	 Azospira
261	0	 Niveibacterium
214	0	 Oryzomicrobium
56	0	 Rugosibacter
167	0	 Dechloromonas
43	0	 Fluviibacter
3253	326	 Neisseria
243	0	 Crenobacter
194	0	 Chitinolyticbacter
154	0	 Vitreoscilla
145	0	 Kingella
56	9	 Eikenella
17	0	 Conchiformibius
12	0	 Alysiella
10	0	 Simonsiella
9	0	 Aquella
7	0	 Snodgrassella
1107	313	 Chromobacterium
16	1	 Iodobacter
585	0	 Jeongeupia
310	3	 Paludibacterium
258	43	 Aquitalea
232	0	 Microvirgula
210	0	 Pseudogulbenkiania
208	0	 Laribacter
199	0	 Vogesella
85	0	 Aquaspirillum
38	0	 Chitinibacter
36	0	 Deefgea
438	10	 Denitratisoma
311	0	 Sulfuritalea
275	0	 Methyloversatilis
166	0	 Sterolibacterium
858	28	 Usitatibacter
276	0	 Thiobacillus
209	0	 Sulfuritortus
306	8	 Nitrosomonas
154	25	 Nitrosospira
262	6	 Sulfuriferula
142	0	 Sulfurimicrobium
56	0	 Sulfuricella
79	0	 Sideroxydans
74	0	 Ferrigenium
48	0	 Ferriphaselus
35	0	 Gallionella
27	0	 Candidatus Nitrotoga
64	0	 Methylophilus
45	0	 Methylobacillus
40	13	 Methylovorus
26	2	 Candidatus Methylopumilus
21	0	 Methyloradius
13	0	 Methylotenera
319	0	 Casimicrobium
24	5	 Candidatus Kinetoplastibacterium
2	1	 Candidatus Profftella
1351	92	 Corallococcus
906	88	 Myxococcus
303	0	 Pyxidicoccus
873	39	 Archangium
336	0	 Cystobacter
250	0	 Stigmatella
234	0	 Melittangium
991	252	 Anaeromyxobacter
190	0	 Vulgatibacter
2895	0	 Sorangium
403	0	 Chondromyces
8	0	 Pajaroellobacter
813	0	 Minicystis
799	0	 Sandaracinus
515	0	 Labilithrix
705	0	 Haliangium
890	63	 Desulfovibrio
327	13	 Pseudodesulfovibrio
93	0	 Desulfolutivibrio
58	0	 Desulfocurvibacter
12	0	 Maridesulfovibrio
4	0	 Lawsonia
81	0	 Desulfomicrobium
16	0	 Desulfohalobium
632	36	 Geobacter
237	0	 Geomonas
52	0	 Geoalkalibacter
348	7	 Desulfuromonas
72	0	 Pelobacter
73	0	 Syntrophotalea
140	3	 Desulfosarcina
70	0	 Desulfococcus
60	0	 Desulfatibacillum
23	1	 Desulfobacter
18	0	 Desulfonema
11	0	 Desulfobacterium
5	0	 Desulfobacula
121	0	 Desulfobulbus
35	0	 Desulfurivibrio
26	0	 Desulfopila
4	0	 Desulfocapsa
2	0	 Desulfotalea
203	0	 Persicimonas
86	0	 Bradymonas
49	0	 Syntrophobacter
24	0	 Desulfoglaeba
18	0	 Syntrophus
6	0	 Desulfomonile
6	0	 Desulfobacca
92	0	 Desulfarculus
1	0	 Candidatus Desulfofervidus
1	0	 Hippea
176	13	 Campylobacter
49	0	 Arcobacter
40	1	 Aliarcobacter
13	1	 Malaciobacter
8	0	 Halarcobacter
5	0	 Poseidonibacter
3	0	 Pseudoarcobacter
23	2	 Sulfurospirillum
49	2	 Helicobacter
3	0	 Wolinella
23	0	 Nitratifractor
8	2	 Sulfurovum
21	0	 Sulfurimonas
2	0	 Sulfuricurvum
17	0	 Hydrogenimonas
5	0	 Caminibacter
1	0	 Nautilia
2	0	 Nitratiruptor
1	0	 Nitrosophilus
355	25	 Bdellovibrio
6	0	 Bacteriovorax
5	0	 Halobacteriovorax
7	0	 Fluviispira
216	39	 Acidithiobacillus
72	0	 Hydrogenophilus
19	1	 Mariprofundus
13769	1876	 Chryseobacterium
4733	0	 Epilithonimonas
1884	79	 Kaistella
424	70	 Cloacibacterium
415	141	 Elizabethkingia
173	0	 Cruoricaptor
82	0	 Riemerella
70	1	 Empedobacter
37	0	 Apibacter
27	0	 Ornithobacterium
25	0	 Bergeyella
9	0	 Weeksella
1940	104	 Flavobacterium
214	28	 Capnocytophaga
184	10	 Polaribacter
134	85	 Myroides
104	0	 Amniculibacterium
83	7	 Nonlabens
76	6	 Gramella
74	10	 Winogradskyella
69	2	 Muricauda
60	5	 Tenacibaculum
51	8	 Maribacter
41	0	 Aquimarina
40	0	 Formosa
39	3	 Salegentibacter
38	0	 Aequorivita
31	1	 Lacinutrix
30	4	 Cellulophaga
29	0	 Algibacter
28	0	 Robiginitalea
26	0	 Kordia
24	5	 Dokdonia
19	0	 Arenibacter
18	1	 Zunongwangia
18	0	 Muriicola
18	0	 Antarcticibacterium
16	0	 Olleya
15	10	 Mesoflavibacter
15	5	 Leeuwenhoekiella
13	0	 Euzebyella
12	0	 Mariniflexile
11	0	 Gillisia
11	0	 Gilvibacter
10	0	 Wenyingzhuangia
10	0	 Marixanthomonas
10	0	 Sediminicola
10	0	 Tamlana
10	0	 Flavivirga
9	0	 Lutibacter
8	0	 Pukyongia
8	0	 Altibacter
8	0	 Changchengzhania
8	0	 Psychroflexus
8	0	 Urechidicola
7	0	 Seonamhaeicola
7	0	 Oceanihabitans
6	0	 Siansivirga
5	0	 Zobellia
4	0	 Flagellimonas
4	0	 Croceibacter
4	0	 Costertonia
2	0	 Galbibacter
2	0	 Psychroserpens
66	9	 Blattabacterium
20	0	 Croceimicrobium
8	0	 Owenweeksia
24	0	 Fluviicola
4	0	 Ichthyobacterium
2	0	 Candidatus Walczuchella
1	0	 Candidatus Sulcia
3730	146	 Sphingobacterium
510	32	 Pedobacter
424	73	 Mucilaginibacter
49	0	 Olivibacter
23	0	 Solitalea
19	0	 Anseongella
13	0	 Pseudopedobacter
1550	154	 Hymenobacter
339	17	 Pontibacter
317	13	 Rufibacter
104	7	 Adhaeribacter
83	0	 Nibribacter
809	54	 Spirosoma
293	3	 Dyadobacter
134	0	 Fibrella
92	6	 Runella
82	0	 Leadbetterella
32	0	 Rhodocytophaga
30	0	 Cytophaga
26	1	 Aquirufa
10	0	 Arcticibacterium
6	0	 Fibrisoma
92	22	 Echinicola
44	0	 Algoriphagus
18	1	 Cyclobacterium
16	0	 Aquiflexum
8	0	 Belliella
89	0	 Chryseolinea
7	0	 Fulvivirga
21	6	 Flammeovirga
10	0	 Marivirga
7	0	 Candidatus Cardinium
2	0	 Candidatus Amoebophilus
9	0	 Mangrovivirga
7	0	 Bernardetia
2	0	 Microscilla
419	29	 Chitinophaga
261	17	 Niabella
257	0	 Phnomibacter
150	5	 Arachidicoccus
125	0	 Panacibacter
113	0	 Flavisolibacter
110	0	 Paraflavitalea
86	0	 Pseudocnuella
78	0	 Niastella
70	0	 Lacibacter
65	0	 Pseudobacter
63	0	 Ferruginibacter
60	0	 Filimonas
628	42	 Prevotella
13	0	 Alloprevotella
9	0	 Paraprevotella
275	73	 Bacteroides
40	2	 Phocaeicola
312	17	 Alistipes
110	2	 Porphyromonas
55	7	 Parabacteroides
51	0	 Tannerella
23	0	 Duncaniella
21	0	 Sodaliphilus
11	0	 Muribaculum
22	0	 Petrimonas
14	0	 Proteiniphilum
5	0	 Dysgonomonas
17	6	 Butyricimonas
3	0	 Odoribacter
4	0	 Barnesiella
3	0	 Coprobacter
6	0	 Salinivirga
6	0	 Paludibacter
6	0	 Tenuifilum
23	1	 Draconibacterium
10	0	 Maribellus
14	0	 Alkalitalea
14	0	 Labilibaculum
184	0	 Rhodothermus
112	0	 Salinibacter
144	0	 Haliscomenobacter
9	0	 Saprospira
92	9	 Chlorobaculum
37	0	 Chlorobium
24	0	 Pelodictyon
38	0	 Prosthecochloris
17	0	 Chloroherpeton
16	0	 Candidatus Cyclonatronum
8	0	 Melioribacter
7	0	 Ignavibacterium
482	0	 Gemmatirosa
259	3	 Gemmatimonas
5	0	 Fibrobacter
1	0	 Candidatus Cloacimonas
900	129	 Gemmata
563	0	 Urbifossiella
385	0	 Frigoriglobus
372	0	 Limnoglobus
54	0	 Tuwongella
34	0	 Telmatocola
679	0	 Botrimarina
509	18	 Lacipirellula
170	0	 Pirellulimonas
65	0	 Aeoliella
27	0	 Adhaeretor
25	0	 Bythopirellula
167	2	 Stieleria
120	24	 Rosistilla
102	0	 Lignipirellula
82	0	 Bremerella
77	0	 Pirellula
68	0	 Roseimaritima
67	0	 Anatilimnocola
31	0	 Rubripirellula
30	0	 Rhodopirellula
25	0	 Aureliella
23	0	 Mariniblastus
17	0	 Thermogutta
583	0	 Planctomyces
379	0	 Caulifigura
202	31	 Gimesia
171	0	 Alienimonas
124	0	 Maioricimonas
64	0	 Symmachiella
54	0	 Fuerstia
38	0	 Crateriforma
32	0	 Rubinisphaera
31	0	 Calycomorphotria
29	7	 Planctopirus
12	0	 Thalassoglobus
11	0	 Polystyrenella
439	0	 Aquisphaera
348	0	 Tautonia
269	0	 Paludisphaera
147	0	 Singulisphaera
52	0	 Isosphaera
232	0	 Humisphaera
170	0	 Phycisphaera
9	0	 Poriferisphaera
16	0	 Anaerohalosphaera
6	0	 Sedimentisphaera
4	0	 Limihaloglobus
12	0	 Candidatus Kuenenia
1418	10	 Luteolibacter
296	0	 Roseimicrobium
287	0	 Verrucomicrobium
116	1	 Akkermansia
350	2	 Opitutus
238	0	 Lacunisphaera
115	0	 Oleiharenicola
86	0	 Nibricoccus
74	0	 Ereboglobus
40	0	 Ruficoccus
17	0	 Coraliomargarita
56	0	 Methylacidimicrobium
10	2	 Methylacidiphilum
1	0	 Candidatus Xiphinematobacter
45	1	 Chlamydia
10	2	 Candidatus Protochlamydia
3	0	 Parachlamydia
1	0	 Neochlamydia
4	2	 Candidatus Rhabdochlamydia
3	0	 Waddlia
1	0	 Criblamydia
44	0	 Kiritimatiella
5	0	 Candidatus Vampirococcus
238	14	 Granulicella
169	3	 Terriglobus
76	0	 Edaphobacter
67	0	 Acidobacterium
56	0	 Candidatus Koribacter
37	0	 Acidisarcina
138	0	 Paludibaculum
380	0	 Luteitalea
126	29	 Chloracidobacterium
1	0	 Thermotomaculum
392	13	 Nitrospira
19	8	 Leptospirillum
1	0	 Thermodesulfovibrio
1	0	 Dissulfurispira
175	0	 Candidatus Saccharimonas
102	0	 Candidatus Nanosynbacter
13	0	 Candidatus Bipolaricaulis
2	0	 Candidatus Babela
2	0	 Candidatus Chazhemtobacterium
86	8	 Treponema
42	0	 Spirochaeta
13	0	 Salinispira
9	0	 Oceanispirochaeta
4	0	 Sediminispirochaeta
4	0	 Thiospirochaeta
20	0	 Sphaerochaeta
10	1	 Borrelia
5	1	 Borreliella
10	0	 Breznakiella
52	11	 Leptospira
30	0	 Turneriella
14	2	 Brachyspira
135	2	 Leptotrichia
2	0	 Streptobacillus
2	0	 Sneathia
134	11	 Fusobacterium
2	0	 Ilyobacter
42	0	 Fretibacterium
39	0	 Aminomonas
28	0	 Cloacibacillus
23	0	 Thermanaerovibrio
12	0	 Jonquetella
7	0	 Acetomicrobium
2	0	 Thermovirga
12	3	 Thermotoga
4	0	 Pseudothermotoga
13	0	 Thermosipho
5	0	 Fervidobacterium
6	0	 Mesotoga
2	0	 Kosmotoga
2	0	 Tepiditoga
1	0	 Petrotoga
1	0	 Marinitoga
1	0	 Athalassotoga
6	0	 Thermocrinis
5	0	 Hydrogenobacter
1	0	 Aquifex
1	0	 Hydrogenobaculum
5	0	 Thermosulfidibacter
1	0	 Thermovibrio
14	0	 Endomicrobium
9	0	 Elusimicrobium
9	0	 Geovibrio
5	0	 Deferribacter
5	0	 Calditerrivibrio
2	0	 Denitrovibrio
1	0	 Flexistipes
21	0	 Desulfurispirillum
7	0	 Thermosulfurimonas
6	0	 Thermodesulfatator
3	0	 Thermosulfuriphilus
2	0	 Caldimicrobium
1	0	 Thermodesulfobacterium
12	0	 Caldithrix
2	0	 Dictyoglomus
2	0	 Coprothermobacter
1	0	 Caldisericum
56576	377	 Haloterrigena
3919	296	 Natrinema
2156	0	 Natronococcus
1718	55	 Natronorubrum
1627	35	 Natrarchaeobaculum
983	1	 Halovivax
770	0	 Natrialba
699	0	 Halostagnicola
696	0	 Halobiforma
657	0	 Natronobacterium
559	0	 Halopiger
402	0	 Salinarchaeum
9931	0	 Halalkalicoccus
909	186	 Halobacterium
540	0	 Halorussus
232	0	 Salarchaeum
221	0	 Halarchaeum
188	0	 Halanaeroarchaeum
109	0	 Halodesulfurarchaeum
1176	342	 Haloarcula
1114	49	 Natronomonas
941	134	 Halosimplex
618	41	 Halorhabdus
439	267	 Halomicrobium
374	0	 Halorientalis
307	0	 Halosiccatus
279	0	 Halapricum
2345	351	 Halorubrum
1418	206	 Halobaculum
407	0	 Salinigranum
338	0	 Halalkaliarchaeum
330	0	 Halopenitus
298	0	 Halolamina
1187	0	 Haloprofundus
902	50	 Haloplanus
805	268	 Haloferax
280	0	 Halobellus
222	0	 Halogeometricum
109	0	 Haloquadratum
72	2	 Methanoculleus
52	0	 Methanofollis
7	0	 Methanolacinia
1	0	 Methanoplanus
20	0	 Methanoregula
8	0	 Methanosphaerula
5	1	 Methanospirillum
1	0	 Methanocorpusculum
36	11	 Methanosarcina
2	0	 Methanohalophilus
2	0	 Methanococcoides
2	0	 Methanosalsum
1	0	 Methanolobus
37	1	 Methanothrix
26	0	 Methanocella
101	8	 Thermococcus
29	0	 Methanosphaera
15	0	 Methanobacterium
3	0	 Methanobrevibacter
2	2	 Methanothermobacter
5	0	 Methanocaldococcus
1	0	 Methanotorris
3	0	 Methanococcus
2	0	 Methanofervidicoccus
15	0	 Archaeoglobus
12	4	 Methanopyrus
35	0	 Candidatus Nitrosotenuis
7	0	 Candidatus Nitrosotalea
1	0	 Candidatus Nitrosopelagicus
28	0	 Candidatus Nitrosocosmicus
11	1	 Nitrososphaera
2	2	 Candidatus Nitrosocaldus
11	0	 Conexivisphaera
8	0	 Nitrosopumilus
1	0	 Nitrosarchaeum
29	0	 Pyrobaculum
9	0	 Thermoproteus
3	0	 Vulcanisaeta
5	0	 Ignicoccus
5	0	 Aeropyrum
5	0	 Thermogladius
4	0	 Thermosphaera
2	0	 Desulfurococcus
1	0	 Staphylothermus
4	0	 Pyrodictium
3	0	 Hyperthermus
4	0	 Acidianus
2	0	 Sulfolobus
2	0	 Sulfuracidifex
1	0	 Sulfurisphaera
1	0	 Sulfodiicoccus
1	0	 Saccharolobus
3	0	 Caldisphaera
3	0	 Acidilobus
1	0	 Infirmifilum
3	0	 Candidatus Korarchaeum
3	0	 Candidatus Methanomethylophilus
1	0	 Candidatus Methanoplasma
1	0	 Aciduliprofundum
2	0	 Candidatus Prometheoarchaeum
1	0	 Candidatus Mancarchaeum
37180	323	 Malassezia
78	0	 Sporisorium
53	0	 Ustilago
30	0	 Marasmius
27	0	 Rhizoctonia
25	1	 Cryptococcus
353	33	 Fusarium
121	0	 Ustilaginoidea
72	0	 Pochonia
184	0	 Drechmeria
180	0	 Colletotrichum
239	0	 Thermothielavioides
192	0	 Thermothelomyces
121	0	 Neurospora
285	34	 Pyricularia
27	0	 Botrytis
1538	93	 Aspergillus
97	0	 Talaromyces
148	0	 Zymoseptoria
114	0	 Cercospora
266	6	 Candida
37	0	 Debaryomyces
15	0	 Scheffersomyces
42	1	 Saccharomyces
27	0	 Eremothecium
27	0	 Tetrapisispora
19	1	 Kluyveromyces
18	0	 Naumovozyma
17	0	 Lachancea
16	0	 Kazachstania
15	0	 Zygosaccharomyces
13	0	 Nakaseomyces
9	0	 Zygotorulaspora
6	0	 Torulaspora
60	0	 Clavispora
19	0	 Brettanomyces
17	0	 Ogataea
14	0	 Pichia
23	0	 Yarrowia
13	0	 Sugiyamaella
1	0	 Komagataella
13	0	 Schizosaccharomyces
5	0	 Encephalitozoon
853	0	 Homo
115	0	 Rockefellervirus
68	13	 Pahexavirus
40	15	 Timquatrovirus
10	8	 Coopervirus
6	2	 Acadianvirus
4	4	 Rosebushvirus
3	3	 Pipefishvirus
1	1	 Pegunavirus
28	7	 Fromanvirus
16	0	 Chivirus
14	0	 Doucettevirus
13	3	 Vividuovirus
11	0	 Zetavirus
11	0	 Fairfaxidumvirus
7	2	 Colossusvirus
4	1	 Shapirovirus
8	2	 Arequatrovirus
1	0	 Camvirus
1	0	 Likavirus
4	0	 Phistoryvirus
3	2	 Getalongvirus
8	0	 Karimacvirus
8	0	 Wizardvirus
8	0	 Pamexvirus
8	8	 Limdunavirus
8	2	 Liefievirus
7	1	 Bronvirus
4	4	 Baxtervirus
2	0	 Nymphadoravirus
5	0	 Brujitavirus
5	0	 Galunavirus
5	5	 Gordtnkvirus
4	0	 Fishburnevirus
2	2	 Charlievirus
4	0	 Vendettavirus
4	0	 Betterkatzvirus
4	0	 Britbratvirus
4	0	 Luckytenvirus
4	1	 Demosthenesvirus
4	1	 Cheoctovirus
4	0	 Dismasvirus
4	1	 Kostyavirus
3	1	 Skunavirus
3	1	 Quhwahvirus
3	1	 Woodruffvirus
3	3	 Corndogvirus
3	3	 Trigintaduovirus
2	0	 Krampusvirus
2	0	 Bernalvirus
2	1	 Kairosalinivirus
2	0	 Abidjanvirus
2	0	 Gillianvirus
2	0	 Daredevilvirus
2	0	 Sourvirus
2	0	 Barnyardvirus
2	1	 Oneupvirus
2	0	 Majavirus
2	1	 Dhillonvirus
1	1	 Attisvirus
1	0	 Delepquintavirus
1	0	 Jacevirus
1	0	 Tinduovirus
1	0	 Ruthyvirus
1	0	 Hiyaavirus
1	0	 Lanavirus
1	0	 Liebevirus
1	1	 Coralvirus
1	0	 Austintatiousvirus
1	0	 Manhattanvirus
1	0	 Appavirus
1	0	 Maxrubnervirus
1	0	 Wilnyevirus
1	0	 Vhulanivirus
1	0	 Sanovirus
1	0	 Ghobesvirus
1	0	 Samwavirus
1	0	 Schubertvirus
1	0	 Nyceiraevirus
1	0	 Nickievirus
1	0	 Sonalivirus
1	0	 Minunavirus
1	0	 Kojivirus
1	0	 Ilzatvirus
1	1	 Vojvodinavirus
1	0	 Yangvirus
1	1	 Tanisvirus
1	0	 Korravirus
1	1	 Marvinvirus
1	0	 Kuleanavirus
1	0	 Patiencevirus
1	0	 Chenonavirus
1	0	 Laroyevirus
1	0	 Phicbkvirus
1	0	 Whackvirus
1	0	 Moineauvirus
195	133	 Baoshanvirus
30	0	 Sepunavirus
25	11	 Kayvirus
3	0	 Sciuriunavirus
1	1	 Silviavirus
1	0	 Caeruleovirus
2	0	 Kisquinquevirus
1	0	 Simpcentumvirus
3	0	 Tequatrovirus
1	0	 Dhakavirus
5	0	 Busanvirus
4	1	 Bixzunavirus
4	0	 Tijeunavirus
3	2	 Naesvirus
3	0	 Bcepfunavirus
2	0	 Libanvirus
2	1	 Certrevirus
2	0	 Noxifervirus
1	0	 Peatvirus
1	0	 Zedzedvirus
1	0	 Mimasvirus
1	0	 Machinavirus
1	0	 Suspvirus
1	0	 Atlauavirus
1	1	 Marthavirus
1	0	 Phabquatrovirus
1	0	 Palaemonvirus
1	1	 Sarumanvirus
1	0	 Hapunavirus
1	1	 Pbunavirus
3	0	 Foetvirus
1	0	 Teetrevirus
4	0	 Pairvirus
2	0	 Stubburvirus
1	1	 Phikmvvirus
2	0	 Igirivirus
2	0	 Drulisvirus
2	0	 Mguuvirus
1	0	 Qadamvirus
1	0	 Bonnellvirus
1	0	 Stopalavirus
1	0	 Gutovirus
1	0	 Limelightvirus
13	5	 Andhravirus
2	2	 Rosenblumvirus
4	0	 Myxoctovirus
2	0	 Parlovirus
1	0	 Dybvigvirus
1	0	 Kochitakasuvirus
1	0	 Lessievirus
1	0	 Burrovirus
1	1	 Enhodamvirus
4	0	 Vipunavirus
2	0	 Dendoorenvirus
1	0	 Gamaleyavirus
1	0	 Hanrivervirus
1	1	 Warwickvirus
1	0	 Agtrevirus
11	2	 Varicellovirus
4	0	 Simplexvirus
2	0	 Mardivirus
3	0	 Muromegalovirus
2	0	 Cytomegalovirus
2	0	 Proboscivirus
1	0	 Quwivirus
1	0	 Cyprinivirus
83	7	 Pandoravirus
2	0	 Prasinovirus
4	0	 Toursvirus
1	0	 Lymphocystivirus
2	0	 Mimivirus
8	2	 Parapoxvirus
3	0	 Alphaentomopoxvirus
3	0	 Mastadenovirus
2	0	 Aviadenovirus
1	0	 Ebolavirus
1	0	 Lyssavirus
1	0	 Orthohantavirus
1	0	 Tymovirus
1	0	 Potexvirus
1	0	 Carlavirus
1	0	 Zetaarterivirus
1	0	 Kobuvirus
2	0	 Cystovirus
1	0	 Badnavirus
1	0	 Solendovirus
1	0	 Metavirus
5	0	 Alphabaculovirus
2	0	 Betabaculovirus
1	0	 Muscavirus
2	0	 Alphaglobulovirus
1	0	 Ichnovirus
1	0	 Begomovirus
